Frequency(Hz)	Channel 1(V)	
0	0.022674	
0.00488281	0.0317952	
0.00976563	0.0309915	
0.0146484	0.0296789	
0.0195313	0.0278969	
0.0244141	0.0256986	
0.0292969	0.0231491	
0.0341797	0.0203232	
0.0390625	0.0173025	
0.0439453	0.0141728	
0.0488281	0.0110213	
0.0537109	0.00793309	
0.0585938	0.0049889	
0.0634766	0.00226235	
0.0683594	0.000201075	
0.0732422	0.00230054	
0.078125	0.004042	
0.0830078	0.00538723	
0.0878906	0.00632559	
0.0927734	0.00686101	
0.0976563	0.00701119	
0.102539	0.00680641	
0.107422	0.00628794	
0.112305	0.00550607	
0.117188	0.0045179	
0.12207	0.00338493	
0.126953	0.00217105	
0.131836	0.000943998	
0.136719	0.000324471	
0.141602	0.00138834	
0.146484	0.00235112	
0.151367	0.0031414	
0.15625	0.00372994	
0.161133	0.00409978	
0.166016	0.00424526	
0.170898	0.00417146	
0.175781	0.00389345	
0.180664	0.00343528	
0.185547	0.00282853	
0.19043	0.00211115	
0.195313	0.00132761	
0.200195	0.000548193	
0.205078	0.000436106	
0.209961	0.00113418	
0.214844	0.00179667	
0.219727	0.00235023	
0.224609	0.00276669	
0.229492	0.00302922	
0.234375	0.00313001	
0.239258	0.0030698	
0.244141	0.00285741	
0.249023	0.00250922	
0.253906	0.0020484	
0.258789	0.0015049	
0.263672	0.000919882	
0.268555	0.000404591	
0.273438	0.000532897	
0.27832	0.00105516	
0.283203	0.00155734	
0.288086	0.00197797	
0.292969	0.00229146	
0.297852	0.00248292	
0.302734	0.00254534	
0.307617	0.00247896	
0.3125	0.00229097	
0.317383	0.00199519	
0.322266	0.00161196	
0.327148	0.00116971	
0.332031	0.000716914	
0.336914	0.000417039	
0.341797	0.000614448	
0.34668	0.00102212	
0.351563	0.00141663	
0.356445	0.00174486	
0.361328	0.00198337	
0.366211	0.0021192	
0.371094	0.00214667	
0.375977	0.00206667	
0.380859	0.00188637	
0.385742	0.00161914	
0.390625	0.00128527	
0.395508	0.000916316	
0.400391	0.000579662	
0.405273	0.000473317	
0.410156	0.000710119	
0.415039	0.00104779	
0.419922	0.00136582	
0.424805	0.0016241	
0.429688	0.00180294	
0.43457	0.00189177	
0.439453	0.0018867	
0.444336	0.00178986	
0.449219	0.0016093	
0.454102	0.00135928	
0.458984	0.00106226	
0.463867	0.000757609	
0.46875	0.000536754	
0.473633	0.000562504	
0.478516	0.000799316	
0.483398	0.0010845	
0.488281	0.00134434	
0.493164	0.00154789	
0.498047	0.00167896	
0.50293	0.0017293	
0.507813	0.00169681	
0.512695	0.00158508	
0.517578	0.00140339	
0.522461	0.00116761	
0.527344	0.000903714	
0.532227	0.000660911	
0.537109	0.000541898	
0.541992	0.000637846	
0.546875	0.000861976	
0.551758	0.0011064	
0.556641	0.00132092	
0.561523	0.0014815	
0.566406	0.00157532	
0.571289	0.00159655	
0.576172	0.00154508	
0.581055	0.00142634	
0.585938	0.00125155	
0.59082	0.00103947	
0.595703	0.000821474	
0.600586	0.000654129	
0.605469	0.000618879	
0.610352	0.000735124	
0.615234	0.000926481	
0.620117	0.00112389	
0.625	0.00129039	
0.629883	0.00140639	
0.634766	0.00146164	
0.639648	0.00145239	
0.644531	0.0013805	
0.649414	0.0012534	
0.654297	0.00108504	
0.65918	0.000898645	
0.664063	0.000733459	
0.668945	0.000649734	
0.673828	0.000693256	
0.678711	0.000834903	
0.683594	0.00101132	
0.688477	0.00117785	
0.693359	0.00130914	
0.698242	0.00139103	
0.703125	0.00141663	
0.708008	0.00138474	
0.712891	0.00129952	
0.717773	0.00117078	
0.722656	0.00101535	
0.727539	0.000860061	
0.732422	0.000745308	
0.737305	0.000716221	
0.742188	0.000785126	
0.74707	0.000916221	
0.751953	0.00106363	
0.756836	0.00119495	
0.761719	0.00129063	
0.766602	0.00133975	
0.771484	0.00133776	
0.776367	0.00128558	
0.78125	0.00118947	
0.786133	0.00106175	
0.791016	0.000922538	
0.795898	0.000802313	
0.800781	0.000739935	
0.805664	0.000762162	
0.810547	0.000857307	
0.81543	0.000987853	
0.820313	0.00111895	
0.825195	0.00122698	
0.830078	0.0012975	
0.834961	0.00132279	
0.839844	0.00130051	
0.844727	0.00123323	
0.849609	0.00112851	
0.854492	0.000999739	
0.859375	0.00086784	
0.864258	0.000762989	
0.869141	0.000719568	
0.874023	0.000754344	
0.878906	0.00084938	
0.883789	0.000969876	
0.888672	0.00108629	
0.893555	0.00117916	
0.898438	0.00123711	
0.90332	0.00125476	
0.908203	0.00123179	
0.913086	0.00117255	
0.917969	0.00108621	
0.922852	0.00098719	
0.927734	0.000895446	
0.932617	0.00083444	
0.9375	0.000823051	
0.942383	0.000863742	
0.947266	0.000940703	
0.952148	0.00103093	
0.957031	0.00111426	
0.961914	0.0011765	
0.966797	0.00120927	
0.97168	0.00120919	
0.976563	0.00117742	
0.981445	0.00111942	
0.986328	0.0010449	
0.991211	0.000967723	
0.996094	0.000904724	
1.00098	0.000872009	
1.00586	0.000878242	
1.01074	0.000919689	
1.01563	0.00098266	
1.02051	0.00105062	
1.02539	0.00110943	
1.03027	0.00114929	
1.03516	0.0011648	
1.04004	0.00115475	
1.04492	0.00112173	
1.0498	0.00107191	
1.05469	0.00101462	
1.05957	0.000961453	
1.06445	0.000924232	
1.06934	0.000911537	
1.07422	0.000925212	
1.0791	0.000959627	
1.08398	0.00100449	
1.08887	0.00104881	
1.09375	0.00108361	
1.09863	0.00110306	
1.10352	0.00110481	
1.1084	0.00108974	
1.11328	0.00106176	
1.11816	0.0010272	
1.12305	0.000993911	
1.12793	0.000969747	
1.13281	0.00096045	
1.1377	0.000967801	
1.14258	0.000989075	
1.14746	0.00101825	
1.15234	0.00104813	
1.15723	0.00107228	
1.16211	0.0010862	
1.16699	0.00108786	
1.17188	0.00107774	
1.17676	0.00105869	
1.18164	0.00103534	
1.18652	0.0010133	
1.19141	0.000997938	
1.19629	0.000992905	
1.20117	0.000999096	
1.20605	0.00101441	
1.21094	0.00103458	
1.21582	0.00105448	
1.2207	0.00106953	
1.22559	0.00107655	
1.23047	0.00107431	
1.23535	0.00106362	
1.24023	0.00104718	
1.24512	0.00102903	
1.25	0.00101378	
1.25488	0.00100544	
1.25977	0.00100627	
1.26465	0.00101607	
1.26953	0.00103221	
1.27441	0.00105041	
1.2793	0.00106584	
1.28418	0.0010742	
1.28906	0.0010724	
1.29395	0.001059	
1.29883	0.00103437	
1.30371	0.00100064	
1.30859	0.000961556	
1.31348	0.000921993	
1.31836	0.00088732	
1.32324	0.000862393	
1.32813	0.000850439	
1.33301	0.000852262	
1.33789	0.000866233	
1.34277	0.000889111	
1.34766	0.0009172	
1.35254	0.000947297	
1.35742	0.000977156	
1.3623	0.00100552	
1.36719	0.00103184	
1.37207	0.00105586	
1.37695	0.00107724	
1.38184	0.00109527	
1.38672	0.00110878	
1.3916	0.00111631	
1.39648	0.00111638	
1.40137	0.00110793	
1.40625	0.00109073	
1.41113	0.00106576	
1.41602	0.00103543	
1.4209	0.0010036	
1.42578	0.000975229	
1.43066	0.000955483	
1.43555	0.000948433	
1.44043	0.000955654	
1.44531	0.000975499	
1.4502	0.00100347	
1.45508	0.0010335	
1.45996	0.00105936	
1.46484	0.00107583	
1.46973	0.00107948	
1.47461	0.00106904	
1.47949	0.00104569	
1.48438	0.00101305	
1.48926	0.000976957	
1.49414	0.000944809	
1.49902	0.000924077	
1.50391	0.000920185	
1.50879	0.000934471	
1.51367	0.000963577	
1.51855	0.0010007	
1.52344	0.00103781	
1.52832	0.00106759	
1.5332	0.00108463	
1.53809	0.00108611	
1.54297	0.001072	
1.54785	0.00104516	
1.55273	0.00101118	
1.55762	0.000977782	
1.5625	0.000953509	
1.56738	0.000945498	
1.57227	0.000956959	
1.57715	0.000985811	
1.58203	0.00102551	
1.58691	0.00106736	
1.5918	0.00110293	
1.59668	0.00112556	
1.60156	0.00113124	
1.60645	0.00111894	
1.61133	0.00109079	
1.61621	0.00105197	
1.62109	0.00101038	
1.62598	0.000975533	
1.63086	0.000956404	
1.63574	0.000958447	
1.64063	0.000981266	
1.64551	0.0010187	
1.65039	0.00106125	
1.65527	0.00109899	
1.66016	0.00112375	
1.66504	0.00113012	
1.66992	0.00111604	
1.6748	0.00108303	
1.67969	0.00103629	
1.68457	0.000984655	
1.68945	0.000939723	
1.69434	0.00091361	
1.69922	0.00091482	
1.7041	0.000944213	
1.70898	0.000994454	
1.71387	0.0010534	
1.71875	0.00110834	
1.72363	0.00114869	
1.72852	0.00116716	
1.7334	0.00116016	
1.73828	0.00112797	
1.74316	0.00107494	
1.74805	0.00100969	
1.75293	0.000945013	
1.75781	0.000896505	
1.7627	0.000878456	
1.76758	0.00089735	
1.77246	0.000947981	
1.77734	0.00101644	
1.78223	0.00108649	
1.78711	0.00114411	
1.79199	0.00117916	
1.79688	0.00118581	
1.80176	0.00116253	
1.80664	0.00111225	
1.81152	0.0010427	
1.81641	0.000966737	
1.82129	0.00090201	
1.82617	0.000867779	
1.83105	0.000877134	
1.83594	0.000928978	
1.84082	0.00100879	
1.8457	0.00109699	
1.85059	0.00117582	
1.85547	0.00123198	
1.86035	0.00125693	
1.86523	0.00124675	
1.87012	0.00120207	
1.875	0.00112832	
1.87988	0.00103637	
1.88477	0.000943152	
1.88965	0.000871292	
1.89453	0.000843736	
1.89941	0.000871659	
1.9043	0.000946067	
1.90918	0.00104465	
1.91406	0.00114404	
1.91895	0.00122592	
1.92383	0.00127782	
1.92871	0.00129269	
1.93359	0.00126839	
1.93848	0.00120771	
1.94336	0.00111867	
1.94824	0.00101534	
1.95313	0.000918666	
1.95801	0.000854849	
1.96289	0.000846423	
1.96777	0.000897369	
1.97266	0.000989812	
1.97754	0.00109721	
1.98242	0.0011962	
1.9873	0.00127001	
1.99219	0.0013082	
1.99707	0.00130586	
2.00195	0.00126328	
2.00684	0.0011861	
2.01172	0.00108588	
2.0166	0.000981183	
2.02148	0.00089757	
2.02637	0.000862403	
2.03125	0.000890383	
2.03613	0.000971957	
2.04102	0.00108121	
2.0459	0.00119126	
2.05078	0.00128137	
2.05566	0.0013377	
2.06055	0.00135241	
2.06543	0.00132311	
2.07031	0.00125275	
2.0752	0.00115007	
2.08008	0.00103075	
2.08496	0.000918825	
2.08984	0.000845766	
2.09473	0.000839289	
2.09961	0.000902915	
2.10449	0.00101268	
2.10938	0.00113633	
2.11426	0.0012474	
2.11914	0.00132777	
2.12402	0.00136644	
2.12891	0.00135842	
2.13379	0.0013043	
2.13867	0.00121051	
2.14355	0.00109023	
2.14844	0.00096527	
2.15332	0.000867285	
2.1582	0.000831646	
2.16309	0.000875642	
2.16797	0.000982369	
2.17285	0.00111673	
2.17773	0.00124677	
2.18262	0.00134983	
2.1875	0.00141136	
2.19238	0.00142342	
2.19727	0.00138382	
2.20215	0.00129611	
2.20703	0.00117024	
2.21191	0.00102438	
2.2168	0.000888088	
2.22168	0.000803301	
2.22656	0.000808089	
2.23145	0.000902258	
2.23633	0.00104784	
2.24121	0.00120305	
2.24609	0.00133779	
2.25098	0.00143269	
2.25586	0.00147618	
2.26074	0.00146294	
2.26563	0.00139335	
2.27051	0.00127374	
2.27539	0.0011176	
2.28027	0.000948665	
2.28516	0.000806352	
2.29004	0.000745102	
2.29492	0.00079919	
2.2998	0.00094205	
2.30469	0.00111947	
2.30957	0.00128937	
2.31445	0.00142534	
2.31934	0.00151139	
2.32422	0.00153872	
2.3291	0.00150458	
2.33398	0.00141195	
2.33887	0.00127017	
2.34375	0.00109668	
2.34863	0.00092116	
2.35352	0.00079155	
2.3584	0.000765049	
2.36328	0.000857724	
2.36816	0.00102389	
2.37305	0.00120809	
2.37793	0.0013726	
2.38281	0.00149444	
2.3877	0.00156012	
2.39258	0.00156309	
2.39746	0.00150279	
2.40234	0.00138472	
2.40723	0.0012213	
2.41211	0.00103449	
2.41699	0.000861423	
2.42188	0.000759442	
2.42676	0.000780819	
2.43164	0.000913478	
2.43652	0.00109727	
2.44141	0.00128081	
2.44629	0.0014323	
2.45117	0.00153289	
2.45605	0.00157215	
2.46094	0.00154626	
2.46582	0.00145752	
2.4707	0.00131477	
2.47559	0.00113498	
2.48047	0.00094738	
2.48535	0.000800705	
2.49023	0.000758437	
2.49512	0.000846017	
2.5	0.00101717	
2.50488	0.00121066	
2.50977	0.00138506	
2.51465	0.00151569	
2.51953	0.0015882	
2.52441	0.00159567	
2.5293	0.00153763	
2.53418	0.00142008	
2.53906	0.00125649	
2.54395	0.00107064	
2.54883	0.000902254	
2.55371	0.000809955	
2.55859	0.000841984	
2.56348	0.00098197	
2.56836	0.00117033	
2.57324	0.00135646	
2.57813	0.00150839	
2.58301	0.0016069	
2.58789	0.00164138	
2.59277	0.00160812	
2.59766	0.00150987	
2.60254	0.00135627	
2.60742	0.00116561	
2.6123	0.00096924	
2.61719	0.000818963	
2.62207	0.000780184	
2.62695	0.000874312	
2.63184	0.00104929	
2.63672	0.00124152	
2.6416	0.00140886	
2.64648	0.00152623	
2.65137	0.00157924	
2.65625	0.00156126	
2.66113	0.00147262	
2.66602	0.00132099	
2.6709	0.00112351	
2.67578	0.000913052	
2.68066	0.00075219	
2.68555	0.000731479	
2.69043	0.000877477	
2.69531	0.001115	
2.7002	0.00136954	
2.70508	0.00159725	
2.70996	0.0017721	
2.71484	0.00187791	
2.71973	0.0019055	
2.72461	0.00185185	
2.72949	0.00172005	
2.73438	0.0015197	
2.73926	0.00126857	
2.74414	0.000997853	
2.74902	0.000767396	
2.75391	0.000683	
2.75879	0.000804704	
2.76367	0.00104331	
2.76855	0.00130084	
2.77344	0.00152583	
2.77832	0.00169115	
2.7832	0.0017816	
2.78809	0.00178988	
2.79297	0.0017155	
2.79785	0.0015647	
2.80273	0.00135152	
2.80762	0.00110108	
2.8125	0.00085969	
2.81738	0.000714504	
2.82227	0.000760553	
2.82715	0.000964911	
2.83203	0.00122277	
2.83691	0.00146682	
2.8418	0.00166141	
2.84668	0.00178624	
2.85156	0.00183019	
2.85645	0.00178943	
2.86133	0.00166713	
2.86621	0.00147404	
2.87109	0.00123094	
2.87598	0.000975888	
2.88086	0.000782229	
2.88574	0.00075859	
2.89063	0.000927663	
2.89551	0.00118984	
2.90039	0.00145966	
2.90527	0.00169076	
2.91016	0.00185691	
2.91504	0.00194272	
2.91992	0.00194066	
2.9248	0.00185021	
2.92969	0.00167801	
2.93457	0.00143901	
2.93945	0.00116026	
2.94434	0.000892945	
2.94922	0.000737448	
2.9541	0.00080237	
2.95898	0.00103964	
2.96387	0.00132917	
2.96875	0.00159973	
2.97363	0.00181433	
2.97852	0.00195172	
2.9834	0.00200002	
2.98828	0.00195486	
2.99316	0.00181897	
2.99805	0.00160261	
3.00293	0.00132548	
3.00781	0.00102336	
3.0127	0.00076979	
3.01758	0.000702242	
3.02246	0.000880132	
3.02734	0.0011755	
3.03223	0.00147969	
3.03711	0.00174027	
3.04199	0.00192913	
3.04688	0.00202989	
3.05176	0.00203435	
3.05664	0.00194158	
3.06152	0.00175791	
3.06641	0.0014979	
3.07129	0.00118781	
3.07617	0.000878401	
3.08105	0.000682826	
3.08594	0.000752014	
3.09082	0.00102686	
3.0957	0.00135449	
3.10059	0.00165666	
3.10547	0.00189552	
3.11035	0.00204937	
3.11523	0.00210589	
3.12012	0.00206035	
3.125	0.00191526	
3.12988	0.00168078	
3.13477	0.0013764	
3.13965	0.00103757	
3.14453	0.000741483	
3.14941	0.000658081	
3.1543	0.000871576	
3.15918	0.0012121	
3.16406	0.00155551	
3.16895	0.00184833	
3.17383	0.00206232	
3.17871	0.00218078	
3.18359	0.00219527	
3.18848	0.00210486	
3.19336	0.00191623	
3.19824	0.0016447	
3.20313	0.00131755	
3.20801	0.00098606	
3.21289	0.000760925	
3.21777	0.000801634	
3.22266	0.00107353	
3.22754	0.00141499	
3.23242	0.00173546	
3.2373	0.00199144	
3.24219	0.00215846	
3.24707	0.00222272	
3.25195	0.00217877	
3.25684	0.00202902	
3.26172	0.00178409	
3.2666	0.0014646	
3.27148	0.00110794	
3.27637	0.000794712	
3.28125	0.000701085	
3.28613	0.000919439	
3.29102	0.00127494	
3.2959	0.00163458	
3.30078	0.0019405	
3.30566	0.00216214	
3.31055	0.00228144	
3.31543	0.00228916	
3.32031	0.00218399	
3.3252	0.00197263	
3.33008	0.00167064	
3.33496	0.00130588	
3.33984	0.000932787	
3.34473	0.000685896	
3.34961	0.000774763	
3.35449	0.00111395	
3.35938	0.00150461	
3.36426	0.00185931	
3.36914	0.00213755	
3.37402	0.00231586	
3.37891	0.0023807	
3.38379	0.00232685	
3.38867	0.00215721	
3.39355	0.00188321	
3.39844	0.00152671	
3.40332	0.0011276	
3.4082	0.000777162	
3.41309	0.000695408	
3.41797	0.000975104	
3.42285	0.00138602	
3.42773	0.00178905	
3.43262	0.00212768	
3.4375	0.0023713	
3.44238	0.00250136	
3.44727	0.00250816	
3.45215	0.0023903	
3.45703	0.00215471	
3.46191	0.0018174	
3.4668	0.0014066	
3.47168	0.00097694	
3.47656	0.000674808	
3.48145	0.000772973	
3.48633	0.00116714	
3.49121	0.00161204	
3.49609	0.00201347	
3.50098	0.00232946	
3.50586	0.00253529	
3.51074	0.00261644	
3.51563	0.00256702	
3.52051	0.00238959	
3.52539	0.00209543	
3.53027	0.00170579	
3.53516	0.00125755	
3.54004	0.000830805	
3.54492	0.000655337	
3.5498	0.000927021	
3.55469	0.00137592	
3.55957	0.00182051	
3.56445	0.00219582	
3.56934	0.00246846	
3.57422	0.00261832	
3.5791	0.00263476	
3.58398	0.00251603	
3.58887	0.00226923	
3.59375	0.0019111	
3.59863	0.00147111	
3.60352	0.00100636	
3.6084	0.000676778	
3.61328	0.000797003	
3.61816	0.00123451	
3.62305	0.00171777	
3.62793	0.0021502	
3.63281	0.00248847	
3.6377	0.00270656	
3.64258	0.00278891	
3.64746	0.00272909	
3.65234	0.00252962	
3.65723	0.00220221	
3.66211	0.00176894	
3.66699	0.00126804	
3.67188	0.000787171	
3.67676	0.000623769	
3.68164	0.000991304	
3.68652	0.00151393	
3.69141	0.00201354	
3.69629	0.0024304	
3.70117	0.00273172	
3.70605	0.00289678	
3.71094	0.00291438	
3.71582	0.00278245	
3.7207	0.00250817	
3.72559	0.00210836	
3.73047	0.00161166	
3.73535	0.00107014	
3.74023	0.000637286	
3.74512	0.000741161	
3.75	0.00124793	
3.75488	0.00179658	
3.75977	0.00228341	
3.76465	0.00266419	
3.76953	0.00291176	
3.77441	0.00300951	
3.7793	0.00295034	
3.78418	0.0027366	
3.78906	0.00238022	
3.79395	0.00190342	
3.79883	0.001343	
3.80371	0.000779785	
3.80859	0.000556203	
3.81348	0.000996313	
3.81836	0.00159187	
3.82324	0.00215042	
3.82813	0.00261383	
3.83301	0.00294867	
3.83789	0.00313311	
3.84277	0.00315504	
3.84766	0.00301207	
3.85254	0.00271166	
3.85742	0.00227152	
3.8623	0.00172157	
3.86719	0.00111537	
3.87207	0.000620639	
3.87695	0.000770683	
3.88184	0.00136096	
3.88672	0.00197927	
3.8916	0.00252413	
3.89648	0.0029505	
3.90137	0.00322951	
3.90625	0.00334308	
3.91113	0.00328321	
3.91602	0.00305208	
3.9209	0.00266224	
3.92578	0.00213721	
3.93066	0.00151532	
3.93555	0.00087706	
3.94043	0.000576457	
3.94531	0.0010512	
3.9502	0.00171833	
3.95508	0.00234761	
3.95996	0.00287436	
3.96484	0.00326172	
3.96973	0.00348537	
3.97461	0.00353157	
3.97949	0.00339707	
3.98438	0.00308917	
3.98926	0.00262592	
3.99414	0.00203693	
3.99902	0.00136958	
4.00391	0.000738761	
4.00879	0.000653365	
4.01367	0.00123534	
4.01855	0.00189394	
4.02344	0.00247883	
4.02832	0.00293684	
4.0332	0.00323585	
4.03809	0.00335605	
4.04297	0.00328885	
4.04785	0.00303696	
4.05273	0.00261476	
4.05762	0.00204964	
4.0625	0.00138979	
4.06738	0.000763776	
4.07227	0.0007257	
4.07715	0.00136392	
4.08203	0.00209349	
4.08691	0.00276174	
4.0918	0.0033099	
4.09668	0.00370004	
4.10156	0.00390645	
4.10645	0.00391472	
4.11133	0.00372198	
4.11621	0.00333717	
4.12109	0.00278143	
4.12598	0.00208991	
4.13086	0.00132392	
4.13574	0.000682897	
4.14063	0.000900782	
4.14551	0.00165819	
4.15039	0.00242968	
4.15527	0.0031033	
4.16016	0.00362717	
4.16504	0.00396699	
4.16992	0.00410101	
4.1748	0.00401969	
4.17969	0.00372589	
4.18457	0.00323517	
4.18945	0.0025764	
4.19434	0.0017963	
4.19922	0.000994327	
4.2041	0.000665409	
4.20898	0.00132497	
4.21387	0.00216775	
4.21875	0.00294835	
4.22363	0.00359449	
4.22852	0.00406214	
4.2334	0.00432158	
4.23828	0.00435591	
4.24316	0.00416129	
4.24805	0.00374732	
4.25293	0.0031375	
4.25781	0.00237145	
4.2627	0.00151888	
4.26758	0.000801852	
4.27246	0.00102066	
4.27734	0.00186542	
4.28223	0.00273802	
4.28711	0.00350507	
4.29199	0.00410586	
4.29688	0.0045004	
4.30176	0.00466307	
4.30664	0.00458201	
4.31152	0.00425942	
4.31641	0.00371163	
4.32129	0.00296952	
4.32617	0.00208178	
4.33105	0.00114306	
4.33594	0.000652038	
4.34082	0.00138968	
4.3457	0.00235781	
4.35059	0.00325336	
4.35547	0.00399613	
4.36035	0.00453655	
4.36523	0.00484055	
4.37012	0.00488824	
4.375	0.00467428	
4.37988	0.00420818	
4.38477	0.00351444	
4.38965	0.00263341	
4.39453	0.0016297	
4.39941	0.000701789	
4.4043	0.000994433	
4.40918	0.002032	
4.41406	0.00305413	
4.41895	0.00394256	
4.42383	0.00463616	
4.42871	0.00509154	
4.43359	0.00527992	
4.43848	0.0051876	
4.44336	0.00481659	
4.44824	0.00418485	
4.45313	0.00332654	
4.45801	0.00229481	
4.46289	0.0011904	
4.46777	0.000659297	
4.47266	0.00162538	
4.47754	0.00277211	
4.48242	0.00381991	
4.4873	0.00468704	
4.49219	0.00531839	
4.49707	0.00567483	
4.50195	0.00573301	
4.50684	0.00548621	
4.51172	0.00494489	
4.5166	0.00413698	
4.52148	0.00310908	
4.52637	0.0019367	
4.53125	0.000850827	
4.53613	0.00116444	
4.54102	0.00237726	
4.5459	0.00358171	
4.55078	0.00463331	
4.55566	0.00545878	
4.56055	0.00600595	
4.56543	0.00623978	
4.57031	0.00614279	
4.5752	0.00571578	
4.58008	0.00497809	
4.58496	0.00396749	
4.58984	0.00274154	
4.59473	0.00139785	
4.59961	0.000618751	
4.60449	0.00182013	
4.60938	0.0032101	
4.61426	0.00447637	
4.61914	0.00552892	
4.62402	0.00630326	
4.62891	0.00675213	
4.63379	0.0068462	
4.63867	0.00657535	
4.64355	0.00594934	
4.64844	0.00499773	
4.65332	0.00376929	
4.6582	0.00233373	
4.66309	0.000830099	
4.66797	0.00106269	
4.67285	0.00262312	
4.67773	0.00411381	
4.68262	0.00541213	
4.6875	0.00643943	
4.69238	0.00713474	
4.69727	0.00745517	
4.70215	0.00737785	
4.70703	0.00690131	
4.71191	0.00604588	
4.7168	0.00485336	
4.72168	0.00338672	
4.72656	0.00173897	
4.73145	0.000498759	
4.73633	0.00200571	
4.74121	0.00372144	
4.74609	0.00528381	
4.75098	0.00659232	
4.75586	0.00756946	
4.76074	0.00815645	
4.76563	0.00831534	
4.77051	0.00803098	
4.77539	0.00731217	
4.78027	0.00619173	
4.78516	0.00472578	
4.79004	0.00299457	
4.79492	0.00113822	
4.7998	0.00111531	
4.80469	0.00302701	
4.80957	0.00486845	
4.81445	0.00648437	
4.81934	0.00777689	
4.82422	0.00866887	
4.8291	0.00910474	
4.83398	0.0090531	
4.83887	0.00850862	
4.84375	0.00749283	
4.84863	0.00605363	
4.85352	0.00426438	
4.8584	0.0022282	
4.86328	0.000461029	
4.86816	0.00233244	
4.87305	0.00447851	
4.87793	0.00643575	
4.88281	0.00808235	
4.8877	0.00932018	
4.89258	0.010073	
4.89746	0.0102899	
4.90234	0.00994819	
4.90723	0.00905508	
4.91211	0.00764801	
4.91699	0.00579338	
4.92188	0.00358465	
4.92676	0.00115307	
4.93164	0.00148632	
4.93652	0.00401865	
4.94141	0.00640393	
4.94629	0.00849635	
4.95117	0.0101736	
4.95605	0.0113344	
4.96094	0.0119032	
4.96582	0.0118349	
4.9707	0.0111179	
4.97559	0.00977562	
4.98047	0.0078661	
4.98535	0.00548041	
4.99023	0.00274365	
4.99512	0.000462515	
5	0.00331241	
5.00488	0.00623847	
5.00977	0.0089107	
5.01465	0.0111716	
5.01953	0.0128859	
5.02441	0.0139449	
5.0293	0.0142727	
5.03418	0.0138307	
5.03906	0.0126206	
5.04395	0.010686	
5.04883	0.00811055	
5.05371	0.00501561	
5.05859	0.0015609	
5.06348	0.00212241	
5.06836	0.00577201	
5.07324	0.00922859	
5.07813	0.0122938	
5.08301	0.0147884	
5.08789	0.0165584	
5.09277	0.0174836	
5.09766	0.0174857	
5.10254	0.0165329	
5.10742	0.0146437	
5.1123	0.0118874	
5.11719	0.00838273	
5.12207	0.00429325	
5.12695	0.000269223	
5.13184	0.00482841	
5.13672	0.00937507	
5.1416	0.0135856	
5.14648	0.0172169	
5.15137	0.0200482	
5.15625	0.0218919	
5.16113	0.0226055	
5.16602	0.0221007	
5.1709	0.0203498	
5.17578	0.0173904	
5.18066	0.0133265	
5.18555	0.00832769	
5.19043	0.00265275	
5.19531	0.00363468	
5.2002	0.00990252	
5.20508	0.015997	
5.20996	0.0215576	
5.21484	0.0262521	
5.21973	0.0297773	
5.22461	0.0318743	
5.22949	0.0323432	
5.23438	0.0310564	
5.23926	0.0279686	
5.24414	0.0231239	
5.24902	0.0166587	
5.25391	0.00880171	
5.25879	0.000320222	
5.26367	0.00977826	
5.26855	0.0196476	
5.27344	0.0292614	
5.27832	0.0380953	
5.2832	0.0456215	
5.28809	0.0513303	
5.29297	0.0547529	
5.29785	0.0554833	
5.30273	0.053198	
5.30762	0.0476733	
5.3125	0.0387991	
5.31738	0.026588	
5.32227	0.0111846	
5.32715	0.00719982	
5.33203	0.028076	
5.33691	0.0510192	
5.3418	0.0754268	
5.34668	0.100633	
5.35156	0.125923	
5.35645	0.150555	
5.36133	0.173788	
5.36621	0.19491	
5.37109	0.213264	
5.37598	0.228273	
5.38086	0.239461	
5.38574	0.246473	
5.39063	0.249085	
5.39551	0.247217	
5.40039	0.240933	
5.40527	0.23044	
5.41016	0.216079	
5.41504	0.198311	
5.41992	0.177703	
5.4248	0.154901	
5.42969	0.130612	
5.43457	0.105571	
5.43945	0.0805173	
5.44434	0.0561686	
5.44922	0.0331928	
5.4541	0.0121906	
5.45898	0.00638826	
5.46387	0.0220445	
5.46875	0.0345743	
5.47363	0.0438134	
5.47852	0.0497368	
5.4834	0.0524426	
5.48828	0.0521429	
5.49316	0.0491504	
5.49805	0.0438613	
5.50293	0.0367358	
5.50781	0.0282767	
5.5127	0.0190063	
5.51758	0.00944537	
5.52246	0.000327914	
5.52734	0.00863582	
5.53223	0.0162996	
5.53711	0.0226088	
5.54199	0.0273325	
5.54688	0.030331	
5.55176	0.0315569	
5.55664	0.0310517	
5.56152	0.0289396	
5.56641	0.0254168	
5.57129	0.0207393	
5.57617	0.0152075	
5.58105	0.00915177	
5.58594	0.00294032	
5.59082	0.00329636	
5.5957	0.00892777	
5.60059	0.0138681	
5.60547	0.0178698	
5.61035	0.0207642	
5.61523	0.0224481	
5.62012	0.0228845	
5.625	0.0221018	
5.62988	0.0201896	
5.63477	0.0172915	
5.63965	0.0135964	
5.64453	0.00932684	
5.64941	0.00472753	
5.6543	0.000188775	
5.65918	0.00447225	
5.66406	0.00858527	
5.66895	0.0121009	
5.67383	0.0148548	
5.67871	0.0167283	
5.68359	0.0176522	
5.68848	0.0176092	
5.69336	0.0166323	
5.69824	0.0148022	
5.70313	0.0122416	
5.70801	0.00910749	
5.71289	0.00558246	
5.71777	0.00186886	
5.72266	0.00186777	
5.72754	0.0053721	
5.73242	0.00850051	
5.7373	0.0110935	
5.74219	0.0130282	
5.74707	0.0142201	
5.75195	0.0146257	
5.75684	0.0142442	
5.76172	0.0131159	
5.7666	0.0113193	
5.77148	0.00896628	
5.77637	0.00619591	
5.78125	0.00316982	
5.78613	0.000357529	
5.79102	0.00306278	
5.7959	0.00588061	
5.80078	0.00832929	
5.80566	0.0102827	
5.81055	0.0116477	
5.81543	0.012365	
5.82031	0.0124107	
5.8252	0.011797	
5.83008	0.0105706	
5.83496	0.00880964	
5.83984	0.00661877	
5.84473	0.00412408	
5.84961	0.00147394	
5.85449	0.00126411	
5.85938	0.00381434	
5.86426	0.00612642	
5.86914	0.0080703	
5.87402	0.00954922	
5.87891	0.0104939	
5.88379	0.0108649	
5.88867	0.0106538	
5.89355	0.00988326	
5.89844	0.00860527	
5.90332	0.00689779	
5.9082	0.0048611	
5.91309	0.00261644	
5.91797	0.000462692	
5.92285	0.00212426	
5.92773	0.00426957	
5.93262	0.00616133	
5.9375	0.00769365	
5.94238	0.00878995	
5.94727	0.00939948	
5.95215	0.00949859	
5.95703	0.00909134	
5.96191	0.00820874	
5.9668	0.00690677	
5.97168	0.00526343	
5.97656	0.00337633	
5.98145	0.00137756	
5.98633	0.000883395	
5.99121	0.00279804	
5.99609	0.00459685	
6.00098	0.00612671	
6.00586	0.00730464	
6.01074	0.00807201	
6.01563	0.00839396	
6.02051	0.00826029	
6.02539	0.00768544	
6.03027	0.00670742	
6.03516	0.00538561	
6.04004	0.00379833	
6.04492	0.00204475	
6.0498	0.000444456	
6.05469	0.00174366	
6.05957	0.00343893	
6.06445	0.00494491	
6.06934	0.00617013	
6.07422	0.00705034	
6.0791	0.00754242	
6.08398	0.00762517	
6.08887	0.00729978	
6.09375	0.00658947	
6.09863	0.005538	
6.10352	0.00420759	
6.1084	0.00267758	
6.11328	0.00106358	
6.11816	0.000810169	
6.12305	0.00237009	
6.12793	0.00384058	
6.13281	0.00509407	
6.1377	0.0060608	
6.14258	0.00669125	
6.14746	0.00695545	
6.15234	0.00684381	
6.15723	0.00636724	
6.16211	0.0055564	
6.16699	0.00446036	
6.17188	0.00314549	
6.17676	0.00170336	
6.18164	0.000516532	
6.18652	0.00154681	
6.19141	0.00294467	
6.19629	0.00419947	
6.20117	0.00522383	
6.20605	0.005961	
6.21094	0.00637327	
6.21582	0.00644176	
6.2207	0.0061667	
6.22559	0.00556722	
6.23047	0.00468044	
6.23535	0.00356061	
6.24023	0.00228226	
6.24512	0.000994002	
6.25	0.000888643	
6.25488	0.00212707	
6.25977	0.00335817	
6.26465	0.00441788	
6.26953	0.00523777	
6.27441	0.00577252	
6.2793	0.00599494	
6.28418	0.00589572	
6.28906	0.0054834	
6.29395	0.00478375	
6.29883	0.00383873	
6.30371	0.00270626	
6.30859	0.0014707	
6.31348	0.000515888	
6.31836	0.00139313	
6.32324	0.00259568	
6.32813	0.00368223	
6.33301	0.00457185	
6.33789	0.00521363	
6.34277	0.0055738	
6.34766	0.00563506	
6.35254	0.00539676	
6.35742	0.00487471	
6.3623	0.00410042	
6.36719	0.00312023	
6.37207	0.00199744	
6.37695	0.000853983	
6.38184	0.000752414	
6.38672	0.00185773	
6.3916	0.00294904	
6.39648	0.00389014	
6.40137	0.00462191	
6.40625	0.00510437	
6.41113	0.00531308	
6.41602	0.00523916	
6.4209	0.00488941	
6.42578	0.00428585	
6.43066	0.00346497	
6.43555	0.00247785	
6.44043	0.00140029	
6.44531	0.000531762	
6.4502	0.00117389	
6.45508	0.00222057	
6.45996	0.00318049	
6.46484	0.00397226	
6.46973	0.00454866	
6.47461	0.00487872	
6.47949	0.0049463	
6.48438	0.00475017	
6.48926	0.00430387	
6.49414	0.00363524	
6.49902	0.0027864	
6.50391	0.00181835	
6.50879	0.000865566	
6.51367	0.00076346	
6.51855	0.00166866	
6.52344	0.0026136	
6.52832	0.00343769	
6.5332	0.00408118	
6.53809	0.00450619	
6.54297	0.00468978	
6.54785	0.0046233	
6.55273	0.00431224	
6.55762	0.00377582	
6.5625	0.00304651	
6.56738	0.00217064	
6.57227	0.00122077	
6.57715	0.00051063	
6.58203	0.00111226	
6.58691	0.0020408	
6.5918	0.00289508	
6.59668	0.00360035	
6.60156	0.00411342	
6.60645	0.00440601	
6.61133	0.00446328	
6.61621	0.00428374	
6.62109	0.0038792	
6.62598	0.00327429	
6.63086	0.00250625	
6.63574	0.00162839	
6.64063	0.000754478	
6.64551	0.000657881	
6.65039	0.00149102	
6.65527	0.00234798	
6.66016	0.00309244	
6.66504	0.003672	
6.66992	0.00405263	
6.6748	0.00421351	
6.67969	0.0041466	
6.68457	0.00385667	
6.68945	0.00336104	
6.69434	0.00268924	
6.69922	0.00188423	
6.7041	0.0010183	
6.70898	0.000477029	
6.71387	0.00113875	
6.71875	0.00200595	
6.72363	0.00280032	
6.72852	0.00345811	
6.7334	0.00394	
6.73828	0.00421969	
6.74316	0.00428293	
6.74805	0.00412762	
6.75293	0.00376372	
6.75781	0.00321285	
6.7627	0.00250777	
6.76758	0.00169387	
6.77246	0.000850464	
6.77734	0.000482873	
6.78223	0.00119529	
6.78711	0.00199717	
6.79199	0.00270461	
6.79688	0.00326546	
6.80176	0.00364725	
6.80664	0.00382988	
6.81152	0.00380495	
6.81641	0.00357573	
6.82129	0.00315695	
6.82617	0.00257433	
6.83105	0.00186501	
6.83594	0.0010859	
6.84082	0.000446995	
6.8457	0.000850606	
6.85059	0.00161625	
6.85547	0.00233239	
6.86035	0.00293038	
6.86523	0.00337252	
6.87012	0.00363393	
6.875	0.0037009	
6.87988	0.00357086	
6.88477	0.00325233	
6.88965	0.00276462	
6.89453	0.0021377	
6.89941	0.00141495	
6.9043	0.000685657	
6.90918	0.000528044	
6.91406	0.00120253	
6.91895	0.00192415	
6.92383	0.00255947	
6.92871	0.00306192	
6.93359	0.00340171	
6.93848	0.00356018	
6.94336	0.00352937	
6.94824	0.00331202	
6.95313	0.00292136	
6.95801	0.00238076	
6.96289	0.0017242	
6.96777	0.00100423	
6.97266	0.000417163	
6.97754	0.000791231	
6.98242	0.00149936	
6.9873	0.00216295	
6.99219	0.00271827	
6.99707	0.00313034	
7.00195	0.00337603	
7.00684	0.00344249	
7.01172	0.00332714	
7.0166	0.00303762	
7.02148	0.0025916	
7.02637	0.00201673	
7.03125	0.00135339	
7.03613	0.000683964	
7.04102	0.000493841	
7.0459	0.00108825	
7.05078	0.00175139	
7.05566	0.00233991	
7.06055	0.00280788	
7.06543	0.00312686	
7.07031	0.00327913	
7.0752	0.00325697	
7.08008	0.00306267	
7.08496	0.00270832	
7.08984	0.00221571	
7.09473	0.00161721	
7.09961	0.000965446	
7.10449	0.000452149	
7.10938	0.000756075	
7.11426	0.00139283	
7.11914	0.00200123	
7.12402	0.00251356	
7.12891	0.00289529	
7.13379	0.00312414	
7.13867	0.00318772	
7.14355	0.00308331	
7.14844	0.00281783	
7.15332	0.00240771	
7.1582	0.0018792	
7.16309	0.00127218	
7.16797	0.00067408	
7.17285	0.000522826	
7.17773	0.00104869	
7.18262	0.00165688	
7.1875	0.00220241	
7.19238	0.0026388	
7.19727	0.0029383	
7.20215	0.0030838	
7.20703	0.00306771	
7.21191	0.00289185	
7.2168	0.00256729	
7.22168	0.00211427	
7.22656	0.00156333	
7.23145	0.000964701	
7.23633	0.000484607	
7.24121	0.000696442	
7.24609	0.00126822	
7.25098	0.00182993	
7.25586	0.00230704	
7.26074	0.00266496	
7.26563	0.00288203	
7.27051	0.00294623	
7.27539	0.00285469	
7.28027	0.0026136	
7.28516	0.00223808	
7.29004	0.00175256	
7.29492	0.00119446	
7.2998	0.000645806	
7.30469	0.000496457	
7.30957	0.000968969	
7.31445	0.00152804	
7.31934	0.00203155	
7.32422	0.00243462	
7.3291	0.0027109	
7.33398	0.00284422	
7.33887	0.00282739	
7.34375	0.00266208	
7.34863	0.00235871	
7.35352	0.00193655	
7.3584	0.00142531	
7.36328	0.000876937	
7.36816	0.000474229	
7.37305	0.000712053	
7.37793	0.00124392	
7.38281	0.0017657	
7.3877	0.00220891	
7.39258	0.00254074	
7.39746	0.00274065	
7.40234	0.00279722	
7.40723	0.00270768	
7.41211	0.00247781	
7.41699	0.00212188	
7.42188	0.00166308	
7.42676	0.00113747	
7.43164	0.000625571	
7.43652	0.000490448	
7.44141	0.000929161	
7.44629	0.00145538	
7.45117	0.00193162	
7.45605	0.00231416	
7.46094	0.00257768	
7.46582	0.00270664	
7.4707	0.00269406	
7.47559	0.00254132	
7.48047	0.00225808	
7.48535	0.00186238	
7.49023	0.00138205	
7.49512	0.000865248	
7.5	0.000471445	
7.50488	0.000657773	
7.50977	0.00115115	
7.51465	0.00164363	
7.51953	0.00206477	
7.52441	0.00238236	
7.5293	0.00257656	
7.53418	0.00263633	
7.53906	0.00255885	
7.54395	0.00234947	
7.54883	0.00202168	
7.55371	0.00159765	
7.55859	0.00111244	
7.56348	0.000643268	
7.56836	0.000495709	
7.57324	0.000869958	
7.57813	0.0013513	
7.58301	0.00179294	
7.58789	0.00214902	
7.59277	0.00239419	
7.59766	0.0025131	
7.60254	0.0024987	
7.60742	0.00235186	
7.6123	0.00208121	
7.61719	0.00170296	
7.62207	0.00124173	
7.62695	0.000738438	
7.63184	0.000348209	
7.63672	0.000599232	
7.6416	0.00109911	
7.64648	0.00157759	
7.65137	0.00198288	
7.65625	0.00228796	
7.66113	0.00247509	
7.66602	0.00253421	
7.6709	0.00246276	
7.67578	0.00226583	
7.68066	0.00195623	
7.68555	0.00155513	
7.69043	0.00109616	
7.69531	0.000652362	
7.7002	0.000494109	
7.70508	0.000827117	
7.70996	0.00128108	
7.71484	0.00170384	
7.71973	0.00204835	
7.72461	0.00228947	
7.72949	0.00241216	
7.73438	0.00240949	
7.73926	0.00228221	
7.74414	0.00203867	
7.74902	0.00169501	
7.75391	0.00127676	
7.75879	0.000829061	
7.76367	0.000488501	
7.76855	0.000609458	
7.77344	0.0010243	
7.77832	0.00145611	
7.7832	0.00183057	
7.78809	0.00211571	
7.79297	0.0022925	
7.79785	0.00235038	
7.80273	0.00228635	
7.80762	0.00210491	
7.8125	0.00181803	
7.81738	0.00144589	
7.82227	0.00102137	
7.82715	0.000617826	
7.83203	0.000490913	
7.83691	0.000802577	
7.8418	0.00122409	
7.84668	0.00161737	
7.85156	0.00193757	
7.85645	0.00216064	
7.86133	0.00227222	
7.86621	0.00226572	
7.87109	0.00214188	
7.87598	0.00190874	
7.88086	0.00158195	
7.88574	0.00118677	
7.89063	0.000769965	
7.89551	0.000476987	
7.90039	0.000622705	
7.90527	0.00101836	
7.91016	0.00142665	
7.91504	0.00178022	
7.91992	0.00204878	
7.9248	0.00221415	
7.92969	0.00226619	
7.93457	0.00220198	
7.93945	0.00202565	
7.94434	0.00174842	
7.94922	0.00138915	
7.9541	0.000978165	
7.95898	0.000582386	
7.96387	0.000448734	
7.96875	0.000752214	
7.97363	0.00116148	
7.97852	0.00154272	
7.9834	0.0018539	
7.98828	0.00207239	
7.99316	0.00218458	
7.99805	0.00218412	
8.00293	0.00207158	
8.00781	0.00185431	
8.0127	0.00154658	
8.01758	0.00117078	
8.02246	0.000765153	
8.02734	0.00044029	
8.03223	0.000517527	
8.03711	0.000882728	
8.04199	0.0012676	
8.04688	0.00160106	
8.05176	0.00185375	
8.05664	0.00200846	
8.06152	0.00205566	
8.06641	0.00199279	
8.07129	0.00182412	
8.07617	0.00156097	
8.08105	0.00122291	
8.08594	0.000844223	
8.09082	0.000513762	
8.0957	0.000504302	
8.10059	0.000834021	
8.10547	0.00122615	
8.11035	0.00158592	
8.11523	0.00187718	
8.12012	0.00207891	
8.125	0.00217828	
8.12988	0.00216934	
8.13477	0.0020528	
8.13965	0.00183602	
8.14453	0.0015333	
8.14941	0.00116755	
8.1543	0.000779625	
8.15918	0.00048453	
8.16406	0.000558998	
8.16895	0.000902471	
8.17383	0.00127505	
8.17871	0.00160249	
8.18359	0.00185404	
8.18848	0.00201206	
8.19336	0.0020668	
8.19824	0.0020154	
8.20313	0.00186164	
8.20801	0.00161604	
8.21289	0.00129672	
8.21777	0.000933782	
8.22266	0.000593669	
8.22754	0.000479093	
8.23242	0.000724442	
8.2373	0.00108213	
8.24219	0.00142367	
8.24707	0.00170514	
8.25195	0.00190376	
8.25684	0.00200611	
8.26172	0.00200586	
8.2666	0.00190325	
8.27148	0.00170499	
8.27637	0.00142455	
8.28125	0.00108386	
8.28613	0.000722868	
8.29102	0.000456043	
8.2959	0.000542217	
8.30078	0.000870824	
8.30566	0.00122425	
8.31055	0.00153474	
8.31543	0.00177336	
8.32031	0.00192328	
8.3252	0.00197509	
8.33008	0.00192587	
8.33496	0.00177903	
8.33984	0.00154431	
8.34473	0.00123849	
8.34961	0.000889163	
8.35449	0.000556505	
8.35938	0.000434614	
8.36426	0.000670011	
8.36914	0.00101472	
8.37402	0.00134296	
8.37891	0.00161341	
8.38379	0.00180463	
8.38867	0.00190398	
8.39355	0.00190549	
8.39844	0.00180943	
8.40332	0.00162225	
8.4082	0.00135691	
8.41309	0.00103457	
8.41797	0.000693968	
8.42285	0.000444521	
8.42773	0.000524768	
8.43262	0.000833463	
8.4375	0.00116734	
8.44238	0.00146096	
8.44727	0.00168634	
8.45215	0.00182726	
8.45703	0.00187472	
8.46191	0.00182601	
8.4668	0.00168448	
8.47168	0.00145967	
8.47656	0.00116812	
8.48145	0.000837563	
8.48633	0.000530351	
8.49121	0.000436983	
8.49609	0.000668615	
8.50098	0.000996102	
8.50586	0.00130688	
8.51074	0.00156203	
8.51563	0.00174108	
8.52051	0.00183194	
8.52539	0.00182896	
8.53027	0.00173253	
8.53516	0.00154902	
8.54004	0.00129118	
8.54492	0.000980021	
8.5498	0.000655048	
8.55469	0.000430034	
8.55957	0.000527586	
8.56445	0.000829338	
8.56934	0.00115096	
8.57422	0.00143267	
8.5791	0.00164804	
8.58398	0.00178162	
8.58887	0.00182487	
8.59375	0.00177527	
8.59863	0.00163625	
8.60352	0.00141725	
8.6084	0.00113471	
8.61328	0.00081658	
8.61816	0.000526276	
8.62305	0.000446286	
8.62793	0.000669349	
8.63281	0.000984301	
8.6377	0.00128435	
8.64258	0.00153123	
8.64746	0.00170481	
8.65234	0.00179323	
8.65723	0.00179098	
8.66211	0.00169843	
8.66699	0.00152181	
8.67188	0.00127355	
8.67676	0.000974262	
8.68164	0.000662365	
8.68652	0.00044315	
8.69141	0.000520149	
8.69629	0.000801444	
8.70117	0.00110896	
8.70605	0.00138054	
8.71094	0.00158921	
8.71582	0.00171951	
8.7207	0.00176293	
8.72559	0.00171695	
8.73047	0.00158484	
8.73535	0.00137578	
8.74023	0.00110587	
8.74512	0.000802616	
8.75	0.00052763	
8.75488	0.00044895	
8.75977	0.000654145	
8.76465	0.000952458	
8.76953	0.00123919	
8.77441	0.00147587	
8.7793	0.00164244	
8.78418	0.00172722	
8.78906	0.00172476	
8.79395	0.00163537	
8.79883	0.00146507	
8.80371	0.00122599	
8.80859	0.00093833	
8.81348	0.000640152	
8.81836	0.000435034	
8.82324	0.000513301	
8.82813	0.000783776	
8.83301	0.00107933	
8.83789	0.00134036	
8.84277	0.00154069	
8.84766	0.0016653	
8.85254	0.00170593	
8.85742	0.00166014	
8.8623	0.00153105	
8.86719	0.00132754	
8.87207	0.00106515	
8.87695	0.000770435	
8.88184	0.000503364	
8.88672	0.000429778	
8.8916	0.000632707	
8.89648	0.000923302	
8.90137	0.00120143	
8.90625	0.00143048	
8.91113	0.00159128	
8.91602	0.00167262	
8.9209	0.00166928	
8.92578	0.00158165	
8.93066	0.00141564	
8.93555	0.00118318	
8.94043	0.00090424	
8.94531	0.000617006	
8.9502	0.000425738	
8.95508	0.000510732	
8.95996	0.00077568	
8.96484	0.00106329	
8.96973	0.00131711	
8.97461	0.0015119	
8.97949	0.00163309	
8.98438	0.00167267	
8.98926	0.00162823	
8.99414	0.00150285	
8.99902	0.00130519	
9.00391	0.00105043	
9.00879	0.000764572	
9.01367	0.000505517	
9.01855	0.000429117	
9.02344	0.000619098	
9.02832	0.000899195	
9.0332	0.00116956	
9.03809	0.0013933	
9.04297	0.00155127	
9.04785	0.00163236	
9.05273	0.00163141	
9.05762	0.0015487	
9.0625	0.00139001	
9.06738	0.00116697	
9.07227	0.000899251	
9.07715	0.00062409	
9.08203	0.000438498	
9.08691	0.000507476	
9.0918	0.000754937	
9.09668	0.00103046	
9.10156	0.0012759	
9.10645	0.00146545	
9.11133	0.00158446	
9.11621	0.00162491	
9.12109	0.00158438	
9.12598	0.00146582	
9.13086	0.00127778	
9.13574	0.00103536	
9.14063	0.000764673	
9.14551	0.000522468	
9.15039	0.000448225	
9.15527	0.000617621	
9.16016	0.000879685	
9.16504	0.0011369	
9.16992	0.00135116	
9.1748	0.00150292	
9.17969	0.00158099	
9.18457	0.00158013	
9.18945	0.00150056	
9.19434	0.00134787	
9.19922	0.00113351	
9.2041	0.000876988	
9.20898	0.000615449	
9.21387	0.000442766	
9.21875	0.000508584	
9.22363	0.000743031	
9.22852	0.00100639	
9.2334	0.00124178	
9.23828	0.00142359	
9.24316	0.00153735	
9.24805	0.00157513	
9.25293	0.0015345	
9.25781	0.00141825	
9.2627	0.00123459	
9.26758	0.000998047	
9.27246	0.000733703	
9.27734	0.000496686	
9.28223	0.00042584	
9.28711	0.000595066	
9.29199	0.000852239	
9.29688	0.00110328	
9.30176	0.00131201	
9.30664	0.00145982	
9.31152	0.00153601	
9.31641	0.00153562	
9.32129	0.00145892	
9.32617	0.0013114	
9.33105	0.00110423	
9.33594	0.000856294	
9.34082	0.000603275	
9.3457	0.000433957	
9.35059	0.000491426	
9.35547	0.000713849	
9.36035	0.000965838	
9.36523	0.00119111	
9.37012	0.00136447	
9.375	0.00147181	
9.37988	0.00150547	
9.38477	0.00146321	
9.38965	0.00134798	
9.39453	0.00116816	
9.39941	0.00093882	
9.4043	0.00068709	
9.40918	0.000475362	
9.41406	0.000444763	
9.41895	0.000629523	
9.42383	0.000884358	
9.42871	0.00112966	
9.43359	0.00133281	
9.43848	0.00147623	
9.44336	0.00154968	
9.44824	0.00154841	
9.45313	0.00147278	
9.45801	0.00132824	
9.46289	0.00112576	
9.46777	0.000883799	
9.47266	0.000636172	
9.47754	0.000461687	
9.48242	0.000491543	
9.4873	0.00069173	
9.49219	0.000931834	
9.49707	0.00115063	
9.50195	0.00132116	
9.50684	0.00142876	
9.51172	0.00146567	
9.5166	0.00142958	
9.52148	0.00132335	
9.52637	0.00115523	
9.53125	0.000940018	
9.53613	0.000703834	
9.54102	0.000502772	
9.5459	0.00045512	
9.55078	0.000606007	
9.55566	0.000835285	
9.56055	0.00106145	
9.56543	0.00124958	
9.57031	0.00138144	
9.5752	0.00144671	
9.58008	0.00144075	
9.58496	0.0013641	
9.58984	0.0012224	
9.59473	0.00102713	
9.59961	0.000798167	
9.60449	0.000574267	
9.60938	0.000445546	
9.61426	0.000520354	
9.61914	0.000728275	
9.62402	0.000959726	
9.62891	0.00116558	
9.63379	0.00132239	
9.63867	0.00141691	
9.64355	0.00144214	
9.64844	0.00139626	
9.65332	0.00128253	
9.6582	0.0011095	
9.66309	0.000892438	
9.66797	0.000658975	
9.67285	0.000471045	
9.67773	0.000452542	
9.68262	0.000621848	
9.6875	0.000853706	
9.69238	0.0010762	
9.69727	0.00125832	
9.70215	0.00138338	
9.70703	0.00144191	
9.71191	0.00142986	
9.7168	0.00134816	
9.72168	0.00120287	
9.72656	0.00100587	
9.73145	0.000777758	
9.73633	0.000559372	
9.74121	0.000444576	
9.74609	0.000532208	
9.75098	0.000742219	
9.75586	0.000971067	
9.76074	0.00117279	
9.76563	0.00132507	
9.77051	0.00141522	
9.77539	0.00143667	
9.78027	0.001388	
9.78516	0.00127283	
9.79004	0.0011002	
9.79492	0.000886148	
9.7998	0.000659894	
9.80469	0.000485475	
9.80957	0.000477918	
9.81445	0.000644102	
9.81934	0.000868837	
9.82422	0.00108417	
9.8291	0.00125949	
9.83398	0.00137823	
9.83887	0.00143105	
9.84375	0.00141411	
9.84863	0.00132861	
9.85352	0.00118096	
9.8584	0.000983615	
9.86328	0.000758505	
9.86816	0.000549964	
9.87305	0.00045588	
9.87793	0.000558932	
9.88281	0.000771174	
9.8877	0.000997666	
9.89258	0.00119566	
9.89746	0.00134371	
9.90234	0.00142954	
9.90723	0.00144681	
9.91211	0.00139436	
9.91699	0.00127602	
9.92188	0.00110107	
9.92676	0.000885906	
9.93164	0.000660396	
9.93652	0.000489633	
9.94141	0.000486413	
9.94629	0.000652963	
9.95117	0.000876124	
9.95605	0.00108934	
9.96094	0.00126233	
9.96582	0.00137868	
9.9707	0.00142922	
9.97559	0.00141026	
9.98047	0.00132317	
9.98535	0.0011745	
9.99023	0.000976884	
9.99512	0.00075249	
10	0.000546121	
10.0049	0.000455652	
10.0098	0.000560107	
10.0146	0.000770628	
10.0195	0.000994071	
10.0244	0.00118843	
10.0293	0.0013326	
10.0342	0.00141452	
10.0391	0.0014281	
10.0439	0.00137241	
10.0488	0.00125159	
10.0537	0.00107533	
10.0586	0.000860822	
10.0635	0.000640028	
10.0684	0.000483123	
10.0732	0.000500411	
10.0781	0.00067633	
10.083	0.000900316	
10.0879	0.00111116	
10.0928	0.00128036	
10.0977	0.00139215	
10.1025	0.00143776	
10.1074	0.00141381	
10.1123	0.001322	
10.1172	0.00116924	
10.1221	0.00096874	
10.127	0.000743789	
10.1318	0.000541992	
10.1367	0.000464291	
10.1416	0.000579185	
10.1465	0.000792399	
10.1514	0.00101512	
10.1563	0.00120713	
10.1611	0.00134789	
10.166	0.00142566	
10.1709	0.00143463	
10.1758	0.00137419	
10.1807	0.00124885	
10.1855	0.00106884	
10.1904	0.000852308	
10.1953	0.000633333	
10.2002	0.000486473	
10.2051	0.000518536	
10.21	0.000701076	
10.2148	0.000925987	
10.2197	0.00113527	
10.2246	0.0013014	
10.2295	0.00140903	
10.2344	0.00144971	
10.2393	0.00142042	
10.2441	0.00132334	
10.249	0.00116605	
10.2539	0.000962782	
10.2588	0.000738959	
10.2637	0.000546782	
10.2686	0.000488912	
10.2734	0.000616032	
10.2783	0.000831004	
10.2832	0.00105156	
10.2881	0.00123943	
10.293	0.0013746	
10.2979	0.00144568	
10.3027	0.0014473	
10.3076	0.00137945	
10.3125	0.00124751	
10.3174	0.0010631	
10.3223	0.000846855	
10.3271	0.00063819	
10.332	0.000518148	
10.3369	0.000576016	
10.3418	0.000764556	
10.3467	0.000986341	
10.3516	0.00118879	
10.3564	0.00134552	
10.3613	0.00144161	
10.3662	0.00146908	
10.3711	0.00142566	
10.376	0.00131462	
10.3809	0.00114529	
10.3857	0.000935051	
10.3906	0.000716203	
10.3955	0.000555623	
10.4004	0.000556092	
10.4053	0.00071963	
10.4102	0.000944737	
10.415	0.00116379	
10.4199	0.00134344	
10.4248	0.00146509	
10.4297	0.00151819	
10.4346	0.00149829	
10.4395	0.00140668	
10.4443	0.00125078	
10.4492	0.00104561	
10.4541	0.000818912	
10.459	0.00062677	
10.4639	0.00057114	
10.4688	0.000701237	
10.4736	0.000927306	
10.4785	0.00116454	
10.4834	0.00136987	
10.4883	0.00151984	
10.4932	0.0016007	
10.498	0.00160549	
10.5029	0.00153338	
10.5078	0.00138987	
10.5127	0.00118799	
10.5176	0.000952223	
10.5225	0.000730636	
10.5273	0.000618172	
10.5322	0.000703089	
10.5371	0.000925016	
10.542	0.00118137	
10.5469	0.001415	
10.5518	0.00159547	
10.5566	0.00170476	
10.5615	0.00173279	
10.5664	0.00167631	
10.5713	0.0015391	
10.5762	0.00133326	
10.5811	0.00108325	
10.5859	0.000838433	
10.5908	0.00069987	
10.5957	0.000778239	
10.6006	0.00102545	
10.6055	0.00132437	
10.6104	0.00160539	
10.6152	0.0018305	
10.6201	0.00197607	
10.625	0.00202726	
10.6299	0.00197675	
10.6348	0.00182493	
10.6396	0.00158133	
10.6445	0.00126913	
10.6494	0.000941359	
10.6543	0.000733778	
10.6592	0.000846531	
10.6641	0.00121182	
10.6689	0.0016492	
10.6738	0.00206834	
10.6787	0.00242099	
10.6836	0.00267392	
10.6885	0.00280223	
10.6934	0.00278807	
10.6982	0.00262101	
10.7031	0.00229928	
10.708	0.00183319	
10.7129	0.00126007	
10.7178	0.000749121	
10.7227	0.000939822	
10.7275	0.00175161	
10.7324	0.00272925	
10.7373	0.00375567	
10.7422	0.00477753	
10.7471	0.00575382	
10.752	0.00664862	
10.7568	0.00743037	
10.7617	0.00807238	
10.7666	0.00855365	
10.7715	0.00885956	
10.7764	0.00898234	
10.7813	0.00892128	
10.7861	0.00868262	
10.791	0.00827914	
10.7959	0.00772954	
10.8008	0.00705752	
10.8057	0.00629071	
10.8105	0.00545951	
10.8154	0.00459591	
10.8203	0.00373255	
10.8252	0.00290225	
10.8301	0.00213899	
10.835	0.00148312	
10.8398	0.00099757	
10.8447	0.000782093	
10.8496	0.000841647	
10.8545	0.000999602	
10.8594	0.00113156	
10.8643	0.00119944	
10.8691	0.00120077	
10.874	0.00114795	
10.8789	0.00106153	
10.8838	0.000967064	
10.8887	0.000890979	
10.8936	0.000852439	
10.8984	0.0008535	
10.9033	0.000878333	
10.9082	0.000903915	
10.9131	0.000910588	
10.918	0.000886239	
10.9229	0.000826677	
10.9277	0.000735403	
10.9326	0.000624522	
10.9375	0.000518279	
10.9424	0.000456946	
10.9473	0.000477949	
10.9521	0.00057081	
10.957	0.000692549	
10.9619	0.000808554	
10.9668	0.000897797	
10.9717	0.000947806	
10.9766	0.000951758	
10.9814	0.000907286	
10.9863	0.000815998	
10.9912	0.000683341	
10.9961	0.000519166	
11.001	0.000341748	
11.0059	0.00020537	
11.0107	0.000248415	
11.0156	0.000412679	
11.0205	0.000585561	
11.0254	0.000734868	
11.0303	0.000846686	
11.0352	0.000912786	
11.04	0.000928616	
11.0449	0.00089291	
11.0498	0.000807529	
11.0547	0.000677275	
11.0596	0.000509629	
11.0645	0.000314604	
11.0693	0.000108174	
11.0742	0.000129455	
11.0791	0.000335412	
11.084	0.000526515	
11.0889	0.000688487	
11.0938	0.000811812	
11.0986	0.000889501	
11.1035	0.00091722	
11.1084	0.000893475	
11.1133	0.000819676	
11.1182	0.000700047	
11.123	0.00054141	
11.1279	0.000352918	
11.1328	0.000146717	
11.1377	8.21001e-005	
11.1426	0.00028886	
11.1475	0.000484519	
11.1523	0.000653811	
11.1572	0.000786961	
11.1621	0.000876507	
11.167	0.000917491	
11.1719	0.00090769	
11.1768	0.000847734	
11.1816	0.000741098	
11.1865	0.000593987	
11.1914	0.000415353	
11.1963	0.000218805	
11.2012	7.93844e-005	
11.2061	0.000238965	
11.2109	0.0004353	
11.2158	0.000612306	
11.2207	0.000757211	
11.2256	0.000861396	
11.2305	0.000918961	
11.2354	0.000926744	
11.2402	0.000884433	
11.2451	0.000794598	
11.25	0.000662668	
11.2549	0.000497077	
11.2598	0.000310982	
11.2646	0.000142494	
11.2695	0.000184556	
11.2744	0.000366888	
11.2793	0.000547536	
11.2842	0.000702538	
11.2891	0.000820829	
11.2939	0.000895169	
11.2988	0.000921255	
11.3037	0.000897676	
11.3086	0.000825935	
11.3135	0.000710466	
11.3184	0.00055877	
11.3232	0.000382638	
11.3281	0.000208203	
11.333	0.0001595	
11.3379	0.000310878	
11.3428	0.000491572	
11.3477	0.000655109	
11.3525	0.000786628	
11.3574	0.000877288	
11.3623	0.000921556	
11.3672	0.000916859	
11.3721	0.000863582	
11.377	0.000765093	
11.3818	0.000627903	
11.3867	0.00046256	
11.3916	0.000289272	
11.3965	0.000178566	
11.4014	0.000264921	
11.4063	0.000436797	
11.4111	0.000606811	
11.416	0.000751487	
11.4209	0.000859331	
11.4258	0.000923213	
11.4307	0.000939191	
11.4355	0.000906319	
11.4404	0.000826641	
11.4453	0.000705241	
11.4502	0.000550644	
11.4551	0.000377172	
11.46	0.000220792	
11.4648	0.000206032	
11.4697	0.000352809	
11.4746	0.000526387	
11.4795	0.000683752	
11.4844	0.000809338	
11.4893	0.00089421	
11.4941	0.000933027	
11.499	0.000923531	
11.5039	0.000866471	
11.5088	0.000765646	
11.5137	0.000628153	
11.5186	0.000465685	
11.5234	0.000301585	
11.5283	0.000208606	
11.5332	0.000290414	
11.5381	0.000451992	
11.543	0.000614291	
11.5479	0.000752462	
11.5527	0.000854553	
11.5576	0.000913452	
11.5625	0.000925415	
11.5674	0.000889771	
11.5723	0.00080888	
11.5771	0.000688248	
11.582	0.00053715	
11.5869	0.000371878	
11.5918	0.000234137	
11.5967	0.000235639	
11.6016	0.000373768	
11.6064	0.000537335	
11.6113	0.000685647	
11.6162	0.000802805	
11.6211	0.000879851	
11.626	0.000911596	
11.6309	0.000895994	
11.6357	0.000834017	
11.6406	0.000729688	
11.6455	0.000590396	
11.6504	0.000428559	
11.6553	0.000271025	
11.6602	0.000204988	
11.665	0.000310841	
11.6699	0.000475549	
11.6748	0.000635185	
11.6797	0.000768892	
11.6846	0.00086586	
11.6895	0.000919541	
11.6943	0.000926583	
11.6992	0.000886639	
11.7041	0.000802368	
11.709	0.000679604	
11.7139	0.000528152	
11.7188	0.000365715	
11.7236	0.000238395	
11.7285	0.000253262	
11.7334	0.000391984	
11.7383	0.000553043	
11.7432	0.000698555	
11.748	0.000813012	
11.7529	0.000887661	
11.7578	0.000917523	
11.7627	0.000900773	
11.7676	0.000838628	
11.7725	0.00073542	
11.7773	0.000599031	
11.7822	0.000442914	
11.7871	0.0002958	
11.792	0.000236309	
11.7969	0.00032822	
11.8018	0.00048148	
11.8066	0.000633563	
11.8115	0.00076164	
11.8164	0.00085421	
11.8213	0.000904558	
11.8262	0.000909368	
11.8311	0.000868418	
11.8359	0.000784576	
11.8408	0.000664037	
11.8457	0.000517422	
11.8506	0.000364644	
11.8555	0.000255844	
11.8604	0.000282107	
11.8652	0.000415067	
11.8701	0.000568946	
11.875	0.000708153	
11.8799	0.00081711	
11.8848	0.00088703	
11.8896	0.000913	
11.8945	0.000893308	
11.8994	0.000829315	
11.9043	0.000725542	
11.9092	0.000590209	
11.9141	0.000437591	
11.9189	0.000298611	
11.9238	0.000251121	
11.9287	0.000344339	
11.9336	0.000493665	
11.9385	0.000641622	
11.9434	0.000765919	
11.9482	0.000855153	
11.9531	0.000902714	
11.958	0.000905404	
11.9629	0.000863122	
11.9678	0.000778856	
11.9727	0.000658948	
11.9775	0.000514273	
11.9824	0.000365307	
11.9873	0.000262341	
11.9922	0.000289931	
11.9971	0.000419004	
12.002	0.000568758	
12.0068	0.00070427	
12.0117	0.000810004	
12.0166	0.000877252	
12.0215	0.000901217	
12.0264	0.000880321	
12.0313	0.000816069	
12.0361	0.000713167	
12.041	0.000580165	
12.0459	0.000432108	
12.0508	0.000301659	
12.0557	0.000264259	
12.0605	0.000357283	
12.0654	0.000501975	
12.0703	0.000645064	
12.0752	0.000764723	
12.0801	0.000849596	
12.085	0.000893098	
12.0898	0.000892037	
12.0947	0.000846269	
12.0996	0.000758633	
12.1045	0.000635117	
12.1094	0.000485831	
12.1143	0.000329871	
12.1191	0.000220348	
12.124	0.000260579	
12.1289	0.000403327	
12.1338	0.000559241	
12.1387	0.000697414	
12.1436	0.000804338	
12.1484	0.000872211	
12.1533	0.000896715	
12.1582	0.000876571	
12.1631	0.000813513	
12.168	0.000712478	
12.1729	0.000582349	
12.1777	0.000438792	
12.1826	0.000315077	
12.1875	0.000281566	
12.1924	0.00036986	
12.1973	0.000509395	
12.2021	0.000648908	
12.207	0.000766178	
12.2119	0.000849615	
12.2168	0.000892578	
12.2217	0.000891923	
12.2266	0.000847631	
12.2314	0.000762789	
12.2363	0.000643893	
12.2412	0.000502196	
12.2461	0.000359265	
12.251	0.000266946	
12.2559	0.000301529	
12.2607	0.000428642	
12.2656	0.00057433	
12.2705	0.000705785	
12.2754	0.000807926	
12.2803	0.000872243	
12.2852	0.000894067	
12.29	0.000871893	
12.2949	0.000807236	
12.2998	0.000704735	
12.3047	0.00057276	
12.3096	0.000425964	
12.3145	0.000296133	
12.3193	0.000257661	
12.3242	0.000348873	
12.3291	0.000491519	
12.334	0.000632697	
12.3389	0.000750985	
12.3438	0.000835339	
12.3486	0.00087942	
12.3535	0.000880241	
12.3584	0.000837857	
12.3633	0.000755353	
12.3682	0.000639155	
12.373	0.000500309	
12.3779	0.000359722	
12.3828	0.000266825	
12.3877	0.000296067	
12.3926	0.000418079	
12.3975	0.000559968	
12.4023	0.000688476	
12.4072	0.000788413	
12.4121	0.000851297	
12.417	0.000872515	
12.4219	0.000850622	
12.4268	0.000787196	
12.4316	0.000686972	
12.4365	0.000558547	
12.4414	0.000417201	
12.4463	0.000296147	
12.4512	0.000267248	
12.4561	0.000358827	
12.4609	0.000497538	
12.4658	0.000634438	
12.4707	0.000748783	
12.4756	0.000829682	
12.4805	0.00087088	
12.4854	0.000869462	
12.4902	0.000825543	
12.4951	0.000742281	
12.5	0.000626217	
12.5049	0.000488709	
12.5098	0.000351667	
12.5146	0.000266709	
12.5195	0.000303934	
12.5244	0.000427593	
12.5293	0.000568529	
12.5342	0.000695441	
12.5391	0.000793673	
12.5439	0.000854939	
12.5488	0.000874722	
12.5537	0.000851629	
12.5586	0.000787251	
12.5635	0.000686299	
12.5684	0.000557288	
12.5732	0.000415323	
12.5781	0.000293338	
12.583	0.000263676	
12.5879	0.000355472	
12.5928	0.000494384	
12.5977	0.000631323	
12.6025	0.000745698	
12.6074	0.000826726	
12.6123	0.000868217	
12.6172	0.000867292	
12.6221	0.00082408	
12.627	0.000741735	
12.6318	0.000626789	
12.6367	0.000490573	
12.6416	0.000354851	
12.6465	0.000270185	
12.6514	0.000305135	
12.6563	0.000426518	
12.6611	0.000566139	
12.666	0.000692396	
12.6709	0.000790469	
12.6758	0.000852003	
12.6807	0.00087245	
12.6855	0.000850388	
12.6904	0.000787385	
12.6953	0.000688141	
12.7002	0.000561185	
12.7051	0.000421635	
12.71	0.00030186	
12.7148	0.000270634	
12.7197	0.000357502	
12.7246	0.000493037	
12.7295	0.000628066	
12.7344	0.000741412	
12.7393	0.000822019	
12.7441	0.000863547	
12.749	0.000863009	
12.7539	0.000820425	
12.7588	0.000738812	
12.7637	0.000624498	
12.7686	0.000488458	
12.7734	0.000351685	
12.7783	0.000263739	
12.7832	0.000295943	
12.7881	0.00041688	
12.793	0.000556542	
12.7979	0.000682969	
12.8027	0.000781369	
12.8076	0.000843415	
12.8125	0.000864544	
12.8174	0.000843288	
12.8223	0.00078114	
12.8271	0.000682692	
12.832	0.000556318	
12.8369	0.000416899	
12.8418	0.000296585	
12.8467	0.000265217	
12.8516	0.000353315	
12.8564	0.000489906	
12.8613	0.000625721	
12.8662	0.00073979	
12.8711	0.000821124	
12.876	0.00086337	
12.8809	0.000863481	
12.8857	0.000821399	
12.8906	0.000740055	
12.8955	0.000625708	
12.9004	0.000489304	
12.9053	0.000351978	
12.9102	0.000264133	
12.915	0.000298263	
12.9199	0.000421755	
12.9248	0.000564015	
12.9297	0.000693029	
12.9346	0.000793863	
12.9395	0.000857977	
12.9443	0.000880553	
12.9492	0.000859853	
12.9541	0.000797111	
12.959	0.000696715	
12.9639	0.000567009	
12.9688	0.000423434	
12.9736	0.000301131	
12.9785	0.000277728	
12.9834	0.000381089	
12.9883	0.000533991	
12.9932	0.0006874	
12.998	0.000820497	
13.0029	0.000922001	
13.0078	0.000985024	
13.0127	0.00100578	
13.0176	0.000983221	
13.0225	0.000918896	
13.0273	0.000816822	
13.0322	0.000683411	
13.0371	0.000527684	
13.042	0.000362978	
13.0469	0.000217636	
13.0518	0.000179394	
13.0566	0.000280917	
13.0615	0.000410327	
13.0664	0.000523557	
13.0713	0.000607021	
13.0762	0.000654652	
13.0811	0.000664135	
13.0859	0.000636203	
13.0908	0.000574681	
13.0957	0.00048714	
13.1006	0.000387192	
13.1055	0.000301317	
13.1104	0.000275798	
13.1152	0.000334088	
13.1201	0.000437843	
13.125	0.000547946	
13.1299	0.000643707	
13.1348	0.000713788	
13.1396	0.000751591	
13.1445	0.000753821	
13.1494	0.000720084	
13.1543	0.000652895	
13.1592	0.000558071	
13.1641	0.000446188	
13.1689	0.000337533	
13.1738	0.000273881	
13.1787	0.000302473	
13.1836	0.000400739	
13.1885	0.000517818	
13.1934	0.000625716	
13.1982	0.000710321	
13.2031	0.000763599	
13.208	0.000781146	
13.2129	0.000761501	
13.2178	0.000706006	
13.2227	0.00061897	
13.2275	0.00050844	
13.2324	0.000388963	
13.2373	0.000290774	
13.2422	0.000269835	
13.2471	0.000344843	
13.252	0.000461923	
13.2568	0.00057995	
13.2617	0.000679589	
13.2666	0.000750513	
13.2715	0.000786814	
13.2764	0.000785717	
13.2813	0.000747254	
13.2861	0.000674267	
13.291	0.000572763	
13.2959	0.000453293	
13.3008	0.000335945	
13.3057	0.000264222	
13.3105	0.000292224	
13.3154	0.000395215	
13.3203	0.000516781	
13.3252	0.000627964	
13.3301	0.000714766	
13.335	0.000769349	
13.3398	0.000787487	
13.3447	0.000767882	
13.3496	0.000712028	
13.3545	0.000624381	
13.3594	0.00051311	
13.3643	0.000392836	
13.3691	0.000293678	
13.374	0.000271315	
13.3789	0.000345151	
13.3838	0.00046162	
13.3887	0.000579177	
13.3936	0.000678272	
13.3984	0.000748515	
13.4033	0.000783997	
13.4082	0.000781978	
13.4131	0.000742543	
13.418	0.000668613	
13.4229	0.00056633	
13.4277	0.000446553	
13.4326	0.000330286	
13.4375	0.000263179	
13.4424	0.000297935	
13.4473	0.000404813	
13.4521	0.000528279	
13.457	0.000640593	
13.4619	0.00072819	
13.4668	0.00078339	
13.4717	0.000802044	
13.4766	0.000782901	
13.4814	0.000727495	
13.4863	0.000640317	
13.4912	0.000529553	
13.4961	0.000409648	
13.501	0.000309452	
13.5059	0.000281398	
13.5107	0.000348089	
13.5156	0.0004608	
13.5205	0.000576978	
13.5254	0.000675928	
13.5303	0.000746736	
13.5352	0.000783252	
13.54	0.000782598	
13.5449	0.000744763	
13.5498	0.000672575	
13.5547	0.000572048	
13.5596	0.000453759	
13.5645	0.000337797	
13.5693	0.000267123	
13.5742	0.00029444	
13.5791	0.000396022	
13.584	0.000516559	
13.5889	0.000627134	
13.5938	0.000713681	
13.5986	0.000768318	
13.6035	0.000786776	
13.6084	0.000767703	
13.6133	0.000712507	
13.6182	0.000625498	
13.623	0.00051458	
13.6279	0.000393799	
13.6328	0.000292048	
13.6377	0.0002648	
13.6426	0.000335608	
13.6475	0.000451296	
13.6523	0.000569018	
13.6572	0.00066888	
13.6621	0.000740447	
13.667	0.000777811	
13.6719	0.000778217	
13.6768	0.000741714	
13.6816	0.00067115	
13.6865	0.000572534	
13.6914	0.000456394	
13.6963	0.000342513	
13.7012	0.00027222	
13.7061	0.000296162	
13.7109	0.000393805	
13.7158	0.000511587	
13.7207	0.000620324	
13.7256	0.000705715	
13.7305	0.00075978	
13.7354	0.000778217	
13.7402	0.000759661	
13.7451	0.000705525	
13.75	0.000620148	
13.7549	0.000511531	
13.7598	0.000393937	
13.7646	0.000296339	
13.7695	0.000271816	
13.7744	0.000341081	
13.7793	0.000454007	
13.7842	0.00056932	
13.7891	0.000667256	
13.7939	0.000737345	
13.7988	0.000773649	
13.8037	0.000773397	
13.8086	0.000736613	
13.8135	0.000666121	
13.8184	0.000567907	
13.8232	0.000452495	
13.8281	0.000339738	
13.833	0.000271063	
13.8379	0.000296272	
13.8428	0.000393999	
13.8477	0.000511337	
13.8525	0.000619559	
13.8574	0.00070453	
13.8623	0.000758334	
13.8672	0.000776687	
13.8721	0.000758212	
13.877	0.000704279	
13.8818	0.000619148	
13.8867	0.000510666	
13.8916	0.000392804	
13.8965	0.000294003	
13.9014	0.000267488	
13.9063	0.000335753	
13.9111	0.000448543	
13.916	0.000564032	
13.9209	0.000662376	
13.9258	0.000733117	
13.9307	0.000770324	
13.9355	0.000771206	
13.9404	0.000735737	
13.9453	0.000666648	
13.9502	0.000569751	
13.9551	0.000455205	
13.96	0.000341945	
13.9648	0.00026953	
13.9697	0.000288844	
13.9746	0.000382905	
13.9795	0.000498413	
13.9844	0.000605703	
13.9893	0.000690343	
13.9941	0.000744326	
13.999	0.000763329	
14.0039	0.000745934	
14.0088	0.000693455	
14.0137	0.000610067	
14.0186	0.000503495	
14.0234	0.000387488	
14.0283	0.000290016	
14.0332	0.000263516	
14.0381	0.000330509	
14.043	0.00044158	
14.0479	0.000555362	
14.0527	0.000652206	
14.0576	0.000721754	
14.0625	0.000758127	
14.0674	0.000758552	
14.0723	0.000723002	
14.0771	0.000654178	
14.082	0.000557859	
14.0869	0.000444202	
14.0918	0.000332368	
14.0967	0.000262861	
14.1016	0.000286274	
14.1064	0.000382444	
14.1113	0.000498318	
14.1162	0.000605311	
14.1211	0.000689488	
14.126	0.000743052	
14.1309	0.000761772	
14.1357	0.00074426	
14.1406	0.000691817	
14.1455	0.000608566	
14.1504	0.000502114	
14.1553	0.00038598	
14.1602	0.000287724	
14.165	0.000259837	
14.1699	0.000326091	
14.1748	0.000436952	
14.1797	0.000550702	
14.1846	0.000647678	
14.1895	0.000717562	
14.1943	0.000754502	
14.1992	0.000755735	
14.2041	0.000721219	
14.209	0.000653631	
14.2139	0.000558701	
14.2188	0.000446488	
14.2236	0.000335828	
14.2285	0.000266002	
14.2334	0.000286556	
14.2383	0.000379908	
14.2432	0.000494042	
14.248	0.000600061	
14.2529	0.000683817	
14.2578	0.000737422	
14.2627	0.000756593	
14.2676	0.000739902	
14.2725	0.000688604	
14.2773	0.000606771	
14.2822	0.000501945	
14.2871	0.000387506	
14.292	0.000290454	
14.2969	0.000261615	
14.3018	0.000325074	
14.3066	0.000433634	
14.3115	0.000545841	
14.3164	0.000641843	
14.3213	0.000711214	
14.3262	0.000748043	
14.3311	0.000749511	
14.3359	0.000715508	
14.3408	0.000648604	
14.3457	0.00055436	
14.3506	0.000442531	
14.3555	0.000331348	
14.3604	0.000259401	
14.3652	0.000277743	
14.3701	0.000370171	
14.375	0.000483731	
14.3799	0.000589279	
14.3848	0.000672735	
14.3896	0.000726285	
14.3945	0.000745687	
14.3994	0.000729526	
14.4043	0.000679043	
14.4092	0.000598278	
14.4141	0.000494726	
14.4189	0.000381729	
14.4238	0.000286308	
14.4287	0.000259128	
14.4336	0.000323192	
14.4385	0.000431283	
14.4434	0.000542681	
14.4482	0.000637897	
14.4531	0.000706661	
14.458	0.000743131	
14.4629	0.000744525	
14.4678	0.000710746	
14.4727	0.000644373	
14.4775	0.00055098	
14.4824	0.000440367	
14.4873	0.000330879	
14.4922	0.000260961	
14.4971	0.000280109	
14.502	0.0003718	
14.5068	0.000484351	
14.5117	0.000589024	
14.5166	0.000671805	
14.5215	0.000724883	
14.5264	0.000744004	
14.5313	0.00072772	
14.5361	0.000677227	
14.541	0.00059648	
14.5459	0.000492834	
14.5508	0.000379367	
14.5557	0.000282702	
14.5605	0.000253951	
14.5654	0.000317668	
14.5703	0.000425978	
14.5752	0.000537611	
14.5801	0.000633075	
14.585	0.000702148	
14.5898	0.000739012	
14.5947	0.000740874	
14.5996	0.000707598	
14.6045	0.000641688	
14.6094	0.000548589	
14.6143	0.000437872	
14.6191	0.000327453	
14.624	0.000255505	
14.6289	0.000273337	
14.6338	0.000365265	
14.6387	0.000478386	
14.6436	0.00058369	
14.6484	0.000667205	
14.6533	0.000721159	
14.6582	0.000741301	
14.6631	0.000726158	
14.668	0.000676867	
14.6729	0.000597286	
14.6777	0.000494595	
14.6826	0.000381484	
14.6875	0.000283602	
14.6924	0.000251077	
14.6973	0.000311336	
14.7021	0.000418069	
14.707	0.000529107	
14.7119	0.000624525	
14.7168	0.000693966	
14.7217	0.000731555	
14.7266	0.000734451	
14.7314	0.000702468	
14.7363	0.000638043	
14.7412	0.000546536	
14.7461	0.000437369	
14.751	0.000328094	
14.7559	0.000255844	
14.7607	0.00027124	
14.7656	0.000360729	
14.7705	0.000472169	
14.7754	0.000576314	
14.7803	0.000659049	
14.7852	0.000712527	
14.79	0.000732431	
14.7949	0.000717205	
14.7998	0.000667867	
14.8047	0.000588088	
14.8096	0.000484734	
14.8145	0.000369953	
14.8193	0.000268879	
14.8242	0.00023433	
14.8291	0.000297254	
14.834	0.000406851	
14.8389	0.000519658	
14.8438	0.000616253	
14.8486	0.000686646	
14.8535	0.000725135	
14.8584	0.000728947	
14.8633	0.000697895	
14.8682	0.000634361	
14.873	0.000543579	
14.8779	0.000434731	
14.8828	0.000324886	
14.8877	0.00025064	
14.8926	0.000264156	
14.8975	0.000353315	
14.9023	0.000464934	
14.9072	0.000569442	
14.9121	0.000652746	
14.917	0.000707046	
14.9219	0.000728047	
14.9268	0.000714198	
14.9316	0.000666514	
14.9365	0.00058867	
14.9414	0.000487563	
14.9463	0.000375378	
14.9512	0.000276866	
14.9561	0.000242033	
14.9609	0.000300816	
14.9658	0.000406906	
14.9707	0.000517543	
14.9756	0.000612845	
14.9805	0.000682545	
14.9854	0.00072079	
14.9902	0.000724701	
14.9951	0.00069399	
15	0.000630917	
15.0049	0.000540548	
15.0098	0.00043177	
15.0146	0.000321087	
15.0195	0.000244433	
15.0244	0.00025574	
15.0293	0.000344488	
15.0342	0.000456131	
15.0391	0.000560718	
15.0439	0.000644207	
15.0488	0.000698853	
15.0537	0.000720381	
15.0586	0.000707226	
15.0635	0.000660354	
15.0684	0.000583352	
15.0732	0.000482955	
15.0781	0.000371045	
15.083	0.000271836	
15.0879	0.00023545	
15.0928	0.000293563	
15.0977	0.000399412	
15.1025	0.000509741	
15.1074	0.000604743	
15.1123	0.000674243	
15.1172	0.000712436	
15.1221	0.000716455	
15.127	0.00068599	
15.1318	0.00062326	
15.1367	0.000533255	
15.1416	0.000424751	
15.1465	0.000314142	
15.1514	0.000237753	
15.1563	0.000250743	
15.1611	0.000341096	
15.166	0.000453384	
15.1709	0.000558136	
15.1758	0.000641618	
15.1807	0.000696216	
15.1855	0.000717697	
15.1904	0.000704486	
15.1953	0.000657495	
15.2002	0.000580205	
15.2051	0.000479152	
15.21	0.000365831	
15.2148	0.000263929	
15.2197	0.000225033	
15.2246	0.000284187	
15.2295	0.000391893	
15.2344	0.000503576	
15.2393	0.0005996	
15.2441	0.000669968	
15.249	0.000708958	
15.2539	0.000713717	
15.2588	0.000683908	
15.2637	0.000621672	
15.2686	0.000531856	
15.2734	0.000422943	
15.2783	0.000310705	
15.2832	0.000230771	
15.2881	0.000241113	
15.293	0.000331721	
15.2979	0.000444786	
15.3027	0.000550245	
15.3076	0.000634398	
15.3125	0.000689675	
15.3174	0.000711849	
15.3223	0.000699319	
15.3271	0.00065294	
15.332	0.000576096	
15.3369	0.000475157	
15.3418	0.000361306	
15.3467	0.000257749	
15.3516	0.000217003	
15.3564	0.000276843	
15.3613	0.000385792	
15.3662	0.000498355	
15.3711	0.000595048	
15.376	0.000666	
15.3809	0.000705526	
15.3857	0.000710756	
15.3906	0.000681296	
15.3955	0.000619184	
15.4004	0.000529089	
15.4053	0.000419158	
15.4102	0.000304493	
15.415	0.000220318	
15.4199	0.000229053	
15.4248	0.000321845	
15.4297	0.00043701	
15.4346	0.000544089	
15.4395	0.000629598	
15.4443	0.00068608	
15.4492	0.000709328	
15.4541	0.000697695	
15.459	0.000651937	
15.4639	0.000575257	
15.4688	0.000473683	
15.4736	0.000357659	
15.4785	0.000248873	
15.4834	0.000200851	
15.4883	0.000260045	
15.4932	0.000371361	
15.498	0.000486011	
15.5029	0.00058446	
15.5078	0.000657006	
15.5127	0.000698031	
15.5176	0.000704659	
15.5225	0.000676424	
15.5273	0.000615233	
15.5322	0.000525513	
15.5371	0.000414928	
15.542	0.000297497	
15.5469	0.000206948	
15.5518	0.000211416	
15.5566	0.000305887	
15.5615	0.000422977	
15.5664	0.000531465	
15.5713	0.000618125	
15.5762	0.000675652	
15.5811	0.00069988	
15.5859	0.000689129	
15.5908	0.000644063	
15.5957	0.000567711	
15.6006	0.000465775	
15.6055	0.000348008	
15.6104	0.000234745	
15.6152	0.000181431	
15.6201	0.000243349	
15.625	0.000358299	
15.6299	0.000475031	
15.6348	0.000574743	
15.6396	0.000648155	
15.6445	0.000689817	
15.6494	0.000696882	
15.6543	0.000668839	
15.6592	0.000607469	
15.6641	0.00051695	
15.6689	0.000404431	
15.6738	0.000282796	
15.6787	0.000184883	
15.6836	0.000189429	
15.6885	0.000291014	
15.6934	0.000412558	
15.6982	0.000523673	
15.7031	0.000612078	
15.708	0.000670853	
15.7129	0.000695962	
15.7178	0.000685734	
15.7227	0.00064075	
15.7275	0.000563857	
15.7324	0.000460364	
15.7373	0.000339101	
15.7422	0.000218203	
15.7471	0.00015508	
15.752	0.000221927	
15.7568	0.000343245	
15.7617	0.000463829	
15.7666	0.000566117	
15.7715	0.000641426	
15.7764	0.00068451	
15.7813	0.000692546	
15.7861	0.000664935	
15.791	0.000603246	
15.7959	0.000511228	
15.8008	0.000395057	
15.8057	0.00026498	
15.8105	0.000147749	
15.8154	0.000144968	
15.8203	0.000260362	
15.8252	0.000389979	
15.8301	0.000505859	
15.835	0.000597565	
15.8398	0.000658859	
15.8447	0.000685932	
15.8496	0.000677123	
15.8545	0.000632867	
15.8594	0.000555653	
15.8643	0.000449984	
15.8691	0.00032257	
15.874	0.000184536	
15.8789	8.37389e-005	
15.8838	0.000168195	
15.8887	0.000304916	
15.8936	0.000432373	
15.8984	0.00053843	
15.9033	0.000616204	
15.9082	0.000661114	
15.9131	0.000670593	
15.918	0.000644083	
15.9229	0.000583027	
15.9277	0.000490769	
15.9326	0.000372398	
15.9375	0.000234585	
15.9424	8.66738e-005	
15.9473	7.71731e-005	
15.9521	0.000224345	
15.957	0.000361643	
15.9619	0.000479365	
15.9668	0.000570898	
15.9717	0.000631256	
15.9766	0.000657225	
15.9814	0.000647512	
15.9863	0.000602847	
15.9912	0.000525995	
15.9961	0.000421804	
16.001	0.000297663	
16.0059	0.000167471	
16.0107	9.639e-005	
16.0156	0.000190566	
16.0205	0.000321314	
16.0254	0.00044239	
16.0303	0.000542306	
16.0352	0.000614741	
16.04	0.000655983	
16.0449	0.000664733	
16.0498	0.000642287	
16.0547	0.000592911	
16.0596	0.000524567	
16.0645	0.000450364	
16.0693	0.000390446	
16.0742	0.000369064	
16.0791	0.000397045	
16.084	0.000459282	
16.0889	0.00053167	
16.0938	0.000596474	
16.0986	0.000644179	
16.1035	0.000672569	
16.1084	0.000687081	
16.1133	0.000701912	
16.1182	0.000739133	
16.123	0.000821448	
16.1279	0.000960511	
16.1328	0.00115254	
16.1377	0.00138413	
16.1426	0.00163905	
16.1475	0.00190131	
16.1523	0.00215609	
16.1572	0.00239	
16.1621	0.00259127	
16.167	0.00274997	
16.1719	0.00285832	
16.1768	0.00291091	
16.1816	0.00290489	
16.1865	0.00284006	
16.1914	0.00271888	
16.1963	0.00254639	
16.2012	0.00233006	
16.2061	0.00207959	
16.2109	0.0018068	
16.2158	0.00152566	
16.2207	0.00125274	
16.2256	0.00100845	
16.2305	0.000818092	
16.2354	0.000707705	
16.2402	0.000684923	
16.2451	0.000723425	
16.25	0.000783323	
16.2549	0.000835685	
16.2598	0.000865821	
16.2646	0.000868815	
16.2695	0.000845996	
16.2744	0.000803004	
16.2793	0.000748675	
16.2842	0.000694019	
16.2891	0.000650467	
16.2939	0.000626716	
16.2988	0.000625088	
16.3037	0.000640495	
16.3086	0.000663435	
16.3135	0.000684256	
16.3184	0.000695813	
16.3232	0.000694335	
16.3281	0.000679405	
16.333	0.000653671	
16.3379	0.000622409	
16.3428	0.00059273	
16.3477	0.000572043	
16.3525	0.000565619	
16.3574	0.000574269	
16.3623	0.000593964	
16.3672	0.000617784	
16.3721	0.000638531	
16.377	0.000650526	
16.3818	0.000650419	
16.3867	0.000637454	
16.3916	0.000613522	
16.3965	0.000583087	
16.4014	0.000552848	
16.4063	0.000530648	
16.4111	0.00052317	
16.416	0.000532957	
16.4209	0.000556994	
16.4258	0.000588246	
16.4307	0.000618585	
16.4355	0.000640984	
16.4404	0.000650514	
16.4453	0.000644678	
16.4502	0.000623523	
16.4551	0.000589764	
16.46	0.000548946	
16.4648	0.000509439	
16.4697	0.00048151	
16.4746	0.000474217	
16.4795	0.000490637	
16.4844	0.000525769	
16.4893	0.000569683	
16.4941	0.000612063	
16.499	0.000644638	
16.5039	0.000661798	
16.5088	0.000660581	
16.5137	0.000640605	
16.5186	0.000604128	
16.5234	0.000556298	
16.5283	0.000505518	
16.5332	0.000463423	
16.5381	0.000442712	
16.543	0.000451115	
16.5479	0.000485727	
16.5527	0.000535264	
16.5576	0.000586915	
16.5625	0.000630335	
16.5674	0.00065843	
16.5723	0.000667093	
16.5771	0.000654916	
16.582	0.000623117	
16.5869	0.000575684	
16.5918	0.000519786	
16.5967	0.000466292	
16.6016	0.000429264	
16.6064	0.000421472	
16.6113	0.000445888	
16.6162	0.000493046	
16.6211	0.000548433	
16.626	0.000599377	
16.6309	0.000636935	
16.6357	0.0006556	
16.6406	0.000652801	
16.6455	0.000628673	
16.6504	0.000586093	
16.6553	0.000531032	
16.6602	0.000473207	
16.665	0.000426482	
16.6699	0.000406334	
16.6748	0.000421223	
16.6797	0.000465227	
16.6846	0.000523386	
16.6895	0.000581081	
16.6943	0.000627603	
16.6992	0.000656044	
16.7041	0.000662624	
16.709	0.000646304	
16.7139	0.000608699	
16.7188	0.000554306	
16.7236	0.000491125	
16.7285	0.000431648	
16.7334	0.000392771	
16.7383	0.000389756	
16.7432	0.000424025	
16.748	0.000481693	
16.7529	0.000545401	
16.7578	0.000601728	
16.7627	0.000641822	
16.7676	0.000660436	
16.7725	0.000655235	
16.7773	0.00062653	
16.7822	0.000577335	
16.7871	0.00051381	
16.792	0.000446256	
16.7969	0.000390415	
16.8018	0.000365687	
16.8066	0.000383457	
16.8115	0.000435397	
16.8164	0.000502323	
16.8213	0.000567458	
16.8262	0.000619527	
16.8311	0.000651603	
16.8359	0.000660012	
16.8408	0.000643811	
16.8457	0.000604674	
16.8506	0.00054712	
16.8555	0.000479208	
16.8604	0.000413861	
16.8652	0.000369593	
16.8701	0.000364547	
16.875	0.000401079	
16.8799	0.000463084	
16.8848	0.00053114	
16.8896	0.00059102	
16.8945	0.000633693	
16.8994	0.00065392	
16.9043	0.000649421	
16.9092	0.000620574	
16.9141	0.000570477	
16.9189	0.000505415	
16.9238	0.000435987	
16.9287	0.000378691	
16.9336	0.000354296	
16.9385	0.000374762	
16.9434	0.00043034	
16.9482	0.000500408	
16.9531	0.000567742	
16.958	0.000621051	
16.9629	0.000653471	
16.9678	0.000661382	
16.9727	0.000643885	
16.9775	0.000602705	
16.9824	0.000542455	
16.9873	0.000471431	
16.9922	0.000403224	
16.9971	0.000357932	
17.002	0.000355505	
17.0068	0.00039757	
17.0117	0.000465572	
17.0166	0.000538832	
17.0215	0.000602896	
17.0264	0.000648757	
17.0313	0.000671188	
17.0361	0.000667859	
17.041	0.000639023	
17.0459	0.00058754	
17.0508	0.000519279	
17.0557	0.000444162	
17.0605	0.000378063	
17.0654	0.00034289	
17.0703	0.000354971	
17.0752	0.000407266	
17.0801	0.000477677	
17.085	0.000547046	
17.0898	0.000603053	
17.0947	0.000638357	
17.0996	0.000649079	
17.1045	0.000634146	
17.1094	0.000595118	
17.1143	0.000536412	
17.1191	0.000466046	
17.124	0.000397242	
17.1289	0.000349921	
17.1338	0.000344838	
17.1387	0.000384966	
17.1436	0.000451972	
17.1484	0.000524768	
17.1533	0.000588633	
17.1582	0.00063445	
17.1631	0.000656945	
17.168	0.000653775	
17.1729	0.000625202	
17.1777	0.000574142	
17.1826	0.000506608	
17.1875	0.000432866	
17.1924	0.000369448	
17.1973	0.000338827	
17.2021	0.000356252	
17.207	0.00041262	
17.2119	0.000485394	
17.2168	0.000555937	
17.2217	0.000612355	
17.2266	0.00064751	
17.2314	0.000657599	
17.2363	0.000641541	
17.2412	0.000600839	
17.2461	0.000539796	
17.251	0.000466278	
17.2559	0.000393444	
17.2607	0.00034183	
17.2656	0.000334204	
17.2705	0.000374878	
17.2754	0.000444276	
17.2803	0.000519909	
17.2852	0.000586474	
17.29	0.000634652	
17.2949	0.00065906	
17.2998	0.000657248	
17.3047	0.000629341	
17.3096	0.00057806	
17.3145	0.000509125	
17.3193	0.000432389	
17.3242	0.000364081	
17.3291	0.000327663	
17.334	0.00034144	
17.3389	0.00039767	
17.3438	0.00047239	
17.3486	0.000545695	
17.3535	0.000605139	
17.3584	0.000643331	
17.3633	0.000656292	
17.3682	0.000642764	
17.373	0.000604028	
17.3779	0.000544071	
17.3828	0.000470257	
17.3877	0.000394963	
17.3926	0.000338017	
17.3975	0.000323472	
17.4023	0.000359225	
17.4072	0.000426846	
17.4121	0.000502741	
17.417	0.000570688	
17.4219	0.000620901	
17.4268	0.000647729	
17.4316	0.000648508	
17.4365	0.000623149	
17.4414	0.000574104	
17.4463	0.000506731	
17.4512	0.000430327	
17.4561	0.000360349	
17.4609	0.000319957	
17.4658	0.000329306	
17.4707	0.000382998	
17.4756	0.000457141	
17.4805	0.000531199	
17.4854	0.000592373	
17.4902	0.000633126	
17.4951	0.000649397	
17.5	0.00063987	
17.5049	0.000605759	
17.5098	0.000550958	
17.5146	0.000482614	
17.5195	0.00041243	
17.5244	0.000358295	
17.5293	0.000341174	
17.5342	0.000369304	
17.5391	0.000428551	
17.5439	0.000497669	
17.5488	0.00056064	
17.5537	0.000607379	
17.5586	0.000631961	
17.5635	0.000631526	
17.5684	0.000605839	
17.5732	0.000557247	
17.5781	0.000491034	
17.583	0.000416499	
17.5879	0.000349205	
17.5928	0.000312269	
17.5977	0.00032471	
17.6025	0.000379644	
17.6074	0.000453297	
17.6123	0.000525884	
17.6172	0.00058511	
17.6221	0.00062368	
17.627	0.000637632	
17.6318	0.000625651	
17.6367	0.000588891	
17.6416	0.000531136	
17.6465	0.000459449	
17.6514	0.000385763	
17.6563	0.000329346	
17.6611	0.000314044	
17.666	0.000348401	
17.6709	0.000414673	
17.6758	0.00048955	
17.6807	0.000556959	
17.6855	0.000607204	
17.6904	0.000634666	
17.6953	0.000636663	
17.7002	0.000613027	
17.7051	0.00056608	
17.71	0.000500959	
17.7148	0.000426592	
17.7197	0.000357762	
17.7246	0.000316652	
17.7295	0.000323239	
17.7344	0.000373548	
17.7393	0.00044475	
17.7441	0.000516483	
17.749	0.000575887	
17.7539	0.000615333	
17.7588	0.000630654	
17.7637	0.000620387	
17.7686	0.00058555	
17.7734	0.000529781	
17.7783	0.000459938	
17.7832	0.00038759	
17.7881	0.000331337	
17.793	0.000314388	
17.7979	0.000346036	
17.8027	0.000409956	
17.8076	0.000483273	
17.8125	0.000549809	
17.8174	0.000599713	
17.8223	0.00062723	
17.8271	0.000629549	
17.832	0.000606361	
17.8369	0.000559811	
17.8418	0.000494816	
17.8467	0.000420013	
17.8516	0.000349918	
17.8564	0.000306963	
17.8613	0.000312429	
17.8662	0.000363008	
17.8711	0.000435201	
17.876	0.000508166	
17.8809	0.000568919	
17.8857	0.000609792	
17.8906	0.000626551	
17.8955	0.000617609	
17.9004	0.000583793	
17.9053	0.000528449	
17.9102	0.000457987	
17.915	0.000383328	
17.9199	0.000322553	
17.9248	0.000300099	
17.9297	0.000328483	
17.9346	0.000392127	
17.9395	0.000466856	
17.9443	0.000535671	
17.9492	0.000588402	
17.9541	0.000619144	
17.959	0.000624946	
17.9639	0.000605332	
17.9688	0.000562216	
17.9736	0.000500167	
17.9785	0.000427227	
17.9834	0.000356807	
17.9883	0.000309849	
17.9932	0.000308208	
17.998	0.000352469	
18.0029	0.000421082	
18.0078	0.000492732	
18.0127	0.000553749	
18.0176	0.000596012	
18.0225	0.000614965	
18.0273	0.000608728	
18.0322	0.000577807	
18.0371	0.000525144	
18.042	0.000456574	
18.0469	0.00038212	
18.0518	0.000318601	
18.0566	0.000290201	
18.0615	0.000312572	
18.0664	0.000372896	
18.0713	0.000446674	
18.0762	0.000516096	
18.0811	0.000570529	
18.0859	0.000603765	
18.0908	0.000612566	
18.0957	0.000596111	
18.1006	0.000555862	
18.1055	0.000495755	
18.1104	0.000422894	
18.1152	0.000349346	
18.1201	0.000295129	
18.125	0.000284885	
18.1299	0.000324533	
18.1348	0.000393001	
18.1396	0.000467182	
18.1445	0.000532418	
18.1494	0.000580148	
18.1543	0.000605492	
18.1592	0.000606198	
18.1641	0.000582268	
18.1689	0.000535921	
18.1738	0.000471873	
18.1787	0.000398212	
18.1836	0.000328485	
18.1885	0.00028415	
18.1934	0.000286822	
18.1982	0.000334259	
18.2031	0.00040333	
18.208	0.000473636	
18.2129	0.000532781	
18.2178	0.000573578	
18.2227	0.000592074	
18.2275	0.000586727	
18.2324	0.000558123	
18.2373	0.000508977	
18.2422	0.000444457	
18.2471	0.000373157	
18.252	0.000309208	
18.2568	0.000273726	
18.2617	0.000284122	
18.2666	0.000333393	
18.2715	0.000399288	
18.2764	0.000464032	
18.2813	0.000516955	
18.2861	0.00055187	
18.291	0.000565435	
18.2959	0.000556439	
18.3008	0.000525522	
18.3057	0.00047512	
18.3105	0.000409673	
18.3154	0.000336415	
18.3203	0.000267619	
18.3252	0.000224263	
18.3301	0.000228793	
18.335	0.000276556	
18.3398	0.00034258	
18.3447	0.000408299	
18.3496	0.000463605	
18.3545	0.000502879	
18.3594	0.000522981	
18.3643	0.000522485	
18.3691	0.000501396	
18.374	0.000461148	
18.3789	0.000404964	
18.3838	0.000339083	
18.3887	0.000276299	
18.3936	0.000242512	
18.3984	0.000268363	
18.4033	0.000351553	
18.4082	0.000467378	
18.4131	0.000598535	
18.418	0.000735535	
18.4229	0.000872266	
18.4277	0.00100392	
18.4326	0.00112622	
18.4375	0.00123507	
18.4424	0.00132658	
18.4473	0.00139707	
18.4521	0.00144322	
18.457	0.00146224	
18.4619	0.00145209	
18.4668	0.00141165	
18.4717	0.00134096	
18.4766	0.00124138	
18.4814	0.00111583	
18.4863	0.000969062	
18.4912	0.000808295	
18.4961	0.000644767	
18.501	0.000497749	
18.5059	0.000401827	
18.5107	0.00039694	
18.5156	0.000474653	
18.5205	0.000586634	
18.5254	0.000697907	
18.5303	0.000790546	
18.5352	0.000855163	
18.54	0.000886872	
18.5449	0.00088384	
18.5498	0.000846809	
18.5547	0.000779026	
18.5596	0.000686516	
18.5645	0.000578983	
18.5693	0.000472149	
18.5742	0.000391925	
18.5791	0.000371289	
18.584	0.000419333	
18.5889	0.000507427	
18.5938	0.000603824	
18.5986	0.000688905	
18.6035	0.000751574	
18.6084	0.000785673	
18.6133	0.000788419	
18.6182	0.000759843	
18.623	0.000702681	
18.6279	0.000622652	
18.6328	0.000529376	
18.6377	0.000438586	
18.6426	0.00037511	
18.6475	0.000366538	
18.6523	0.00041598	
18.6572	0.000497408	
18.6621	0.000583982	
18.667	0.000658654	
18.6719	0.000711494	
18.6768	0.000737006	
18.6816	0.000732914	
18.6865	0.000699746	
18.6914	0.000640824	
18.6963	0.000562703	
18.7012	0.000476394	
18.7061	0.000399842	
18.7109	0.000358865	
18.7158	0.000373434	
18.7207	0.000434634	
18.7256	0.000515869	
18.7305	0.000595301	
18.7354	0.000659407	
18.7402	0.000700241	
18.7451	0.000713583	
18.75	0.000698158	
18.7549	0.000655409	
18.7598	0.000589658	
18.7646	0.000508799	
18.7695	0.000426029	
18.7744	0.000362579	
18.7793	0.000344724	
18.7842	0.000381805	
18.7891	0.000454004	
18.7939	0.000535454	
18.7988	0.000608432	
18.8037	0.000662319	
18.8086	0.000690997	
18.8135	0.000691565	
18.8184	0.000663857	
18.8232	0.000610393	
18.8281	0.000536742	
18.833	0.000452641	
18.8379	0.000374595	
18.8428	0.000328398	
18.8477	0.000337882	
18.8525	0.000397319	
18.8574	0.000479294	
18.8623	0.000560962	
18.8672	0.000628487	
18.8721	0.000673796	
18.877	0.000692507	
18.8818	0.000683111	
18.8867	0.000646739	
18.8916	0.000587302	
18.8965	0.000512096	
18.9014	0.000433278	
18.9063	0.000370201	
18.9111	0.000347449	
18.916	0.000376738	
18.9209	0.000442589	
18.9258	0.000520432	
18.9307	0.000592173	
18.9355	0.000646684	
18.9404	0.000677457	
18.9453	0.000681277	
18.9502	0.000657696	
18.9551	0.000608962	
18.96	0.000540334	
18.9648	0.000461077	
18.9697	0.000386634	
18.9746	0.00034052	
18.9795	0.000345031	
18.9844	0.000397572	
18.9893	0.000474031	
18.9941	0.000552117	
18.999	0.000617626	
19.0039	0.000662085	
19.0088	0.000680777	
19.0137	0.000671887	
19.0186	0.000636232	
19.0234	0.000577364	
19.0283	0.000502138	
19.0332	0.000422191	
19.0381	0.000356586	
19.043	0.000330929	
19.0479	0.000359001	
19.0527	0.000425414	
19.0576	0.000504584	
19.0625	0.000577958	
19.0674	0.000634307	
19.0723	0.000667082	
19.0771	0.000672998	
19.082	0.000651491	
19.0869	0.000604637	
19.0918	0.000537445	
19.0967	0.000458796	
19.1016	0.00038358	
19.1064	0.000334938	
19.1113	0.000336197	
19.1162	0.000386597	
19.1211	0.000462289	
19.126	0.000540489	
19.1309	0.000606666	
19.1357	0.000652168	
19.1406	0.000672146	
19.1455	0.000664652	
19.1504	0.00063035	
19.1553	0.000572607	
19.1602	0.000498035	
19.165	0.000417945	
19.1699	0.000351108	
19.1748	0.000323507	
19.1797	0.000350272	
19.1846	0.000416516	
19.1895	0.000496193	
19.1943	0.000570422	
19.1992	0.000627831	
19.2041	0.000661779	
19.209	0.000668878	
19.2139	0.000648439	
19.2188	0.000602373	
19.2236	0.000535464	
19.2285	0.000456277	
19.2334	0.00037931	
19.2383	0.000327716	
19.2432	0.000326297	
19.248	0.000375873	
19.2529	0.000452162	
19.2578	0.000531596	
19.2627	0.000599301	
19.2676	0.000646482	
19.2725	0.000668199	
19.2773	0.000662408	
19.2822	0.000629666	
19.2871	0.0005732	
19.292	0.000499435	
19.2969	0.000419396	
19.3018	0.000351461	
19.3066	0.00032161	
19.3115	0.000346227	
19.3164	0.000411524	
19.3213	0.000491296	
19.3262	0.000566259	
19.3311	0.000624787	
19.3359	0.000660073	
19.3408	0.000668595	
19.3457	0.000649527	
19.3506	0.00060463	
19.3555	0.000538501	
19.3604	0.000459433	
19.3652	0.000381502	
19.3701	0.000327468	
19.375	0.000322877	
19.3799	0.00037042	
19.3848	0.00044625	
19.3896	0.000526242	
19.3945	0.000595086	
19.3994	0.000643745	
19.4043	0.000667107	
19.4092	0.000662979	
19.4141	0.000631755	
19.4189	0.000576467	
19.4238	0.00050326	
19.4287	0.000422707	
19.4336	0.000352524	
19.4385	0.000318554	
19.4434	0.000339128	
19.4482	0.00040234	
19.4531	0.000481697	
19.458	0.000557219	
19.4629	0.000616879	
19.4678	0.000653649	
19.4727	0.000663848	
19.4775	0.000646514	
19.4824	0.00060326	
19.4873	0.000538503	
19.4922	0.000460278	
19.4971	0.000382245	
19.502	0.000326649	
19.5068	0.000319349	
19.5117	0.000364641	
19.5166	0.000439388	
19.5215	0.000519159	
19.5264	0.000588323	
19.5313	0.000637646	
19.5361	0.000661878	
19.541	0.0006587	
19.5459	0.000628377	
19.5508	0.00057379	
19.5557	0.000500893	
19.5605	0.000420008	
19.5654	0.000348615	
19.5703	0.000312855	
19.5752	0.000332322	
19.5801	0.000395649	
19.585	0.000475816	
19.5898	0.000552468	
19.5947	0.000613431	
19.5996	0.000651592	
19.6045	0.000663188	
19.6094	0.000647148	
19.6143	0.000604947	
19.6191	0.000540807	
19.624	0.00046246	
19.6289	0.000383087	
19.6338	0.000324492	
19.6387	0.000313381	
19.6436	0.000356276	
19.6484	0.000430499	
19.6533	0.000510867	
19.6582	0.000581246	
19.6631	0.000632163	
19.668	0.000658222	
19.6729	0.000656986	
19.6777	0.000628594	
19.6826	0.000575775	
19.6875	0.000504267	
19.6924	0.000424028	
19.6973	0.000351886	
19.7021	0.000313344	
19.707	0.000329051	
19.7119	0.000389771	
19.7168	0.000468893	
19.7217	0.000545631	
19.7266	0.000607486	
19.7314	0.000647169	
19.7363	0.000660813	
19.7412	0.000647282	
19.7461	0.000608008	
19.751	0.000547184	
19.7559	0.000472479	
19.7607	0.000396752	
19.7656	0.000340501	
19.7705	0.000328018	
19.7754	0.000366138	
19.7803	0.000435396	
19.7852	0.000512027	
19.79	0.000579876	
19.7949	0.000629204	
19.7998	0.000654408	
19.8047	0.000652903	
19.8096	0.000624732	
19.8145	0.000572558	
19.8193	0.00050209	
19.8242	0.000423278	
19.8291	0.000352884	
19.834	0.000315936	
19.8389	0.000332146	
19.8438	0.000392254	
19.8486	0.000470373	
19.8535	0.000546102	
19.8584	0.000607039	
19.8633	0.000645895	
19.8682	0.000658776	
19.873	0.000644502	
19.8779	0.000604451	
19.8828	0.000542754	
19.8877	0.000467027	
19.8926	0.000390175	
19.8975	0.000333129	
19.9023	0.000321132	
19.9072	0.000361088	
19.9121	0.000432416	
19.917	0.000510797	
19.9219	0.000580064	
19.9268	0.000630563	
19.9316	0.000656747	
19.9365	0.000656056	
19.9414	0.000628533	
19.9463	0.000576828	
19.9512	0.000506613	
19.9561	0.000427761	
19.9609	0.000356864	
19.9658	0.000318767	
19.9707	0.000333565	
19.9756	0.000392827	
19.9805	0.000470823	
19.9854	0.000546906	
19.9902	0.00060846	
19.9951	0.000648051	
20	0.000467874	
