Frequency(Hz)	Channel 1(V)	
0	0.230578	
0.0488281	0.105305	
0.0976563	0.0722676	
0.146484	0.0300044	
0.195313	0.00746944	
0.244141	0.0268922	
0.292969	0.0270434	
0.341797	0.0128261	
0.390625	0.006597	
0.439453	0.0187625	
0.488281	0.019668	
0.537109	0.0101692	
0.585938	0.00569557	
0.634766	0.015961	
0.683594	0.0182157	
0.732422	0.00974536	
0.78125	0.00597091	
0.830078	0.0139469	
0.878906	0.0169029	
0.927734	0.0112507	
0.976563	0.00491256	
1.02539	0.0128328	
1.07422	0.0170763	
1.12305	0.0119514	
1.17188	0.00466452	
1.2207	0.0118214	
1.26953	0.0167891	
1.31836	0.0129605	
1.36719	0.00556427	
1.41602	0.0100707	
1.46484	0.0161644	
1.51367	0.0153252	
1.5625	0.00721969	
1.61133	0.00806788	
1.66016	0.0156723	
1.70898	0.0166068	
1.75781	0.00843649	
1.80664	0.00636136	
1.85547	0.0150169	
1.9043	0.0176319	
1.95313	0.0113442	
2.00195	0.00555025	
2.05078	0.0139494	
2.09961	0.0183671	
2.14844	0.0145287	
2.19727	0.00504349	
2.24609	0.0119653	
2.29492	0.01902	
2.34375	0.0164124	
2.39258	0.00726036	
2.44141	0.00993014	
2.49023	0.019484	
2.53906	0.018676	
2.58789	0.0107473	
2.63672	0.00761517	
2.68555	0.0185358	
2.73438	0.0210842	
2.7832	0.0141874	
2.83203	0.00490117	
2.88086	0.0169475	
2.92969	0.0236246	
2.97852	0.0179942	
3.02734	0.00439741	
3.07617	0.014736	
3.125	0.0244334	
3.17383	0.0220117	
3.22266	0.00880525	
3.27148	0.0121976	
3.32031	0.0246215	
3.36914	0.0262841	
3.41797	0.0138929	
3.4668	0.00775732	
3.51563	0.0243724	
3.56445	0.0300152	
3.61328	0.0195951	
3.66211	0.00459537	
3.71094	0.022704	
3.75977	0.0346939	
3.80859	0.0263576	
3.85742	0.0080554	
3.90625	0.019705	
3.95508	0.0359896	
4.00391	0.0352042	
4.05273	0.0161351	
4.10156	0.014235	
4.15039	0.0388109	
4.19922	0.0449359	
4.24805	0.0263957	
4.29688	0.00717807	
4.3457	0.0412152	
4.39453	0.053757	
4.44336	0.0406725	
4.49219	0.00618603	
4.54102	0.0418293	
4.58984	0.0647624	
4.63867	0.0624764	
4.6875	0.0202929	
4.73633	0.0381748	
4.78516	0.0840767	
4.83398	0.0879722	
4.88281	0.0486491	
4.93164	0.0280424	
4.98047	0.109307	
5.0293	0.146938	
5.07813	0.114734	
5.12695	0.0174779	
5.17578	0.173698	
5.22461	0.335596	
5.27344	0.38424	
5.32227	0.12615	
5.37109	2.43385	
5.41992	1.35728	
5.46875	0.525884	
5.51758	0.14357	
5.56641	0.0920418	
5.61523	0.200255	
5.66406	0.173606	
5.71289	0.0907088	
5.76172	0.0186171	
5.81055	0.0909183	
5.85938	0.10947	
5.9082	0.0725846	
5.95703	0.00874109	
6.00586	0.0501178	
6.05469	0.0741328	
6.10352	0.0598483	
6.15234	0.0217117	
6.20117	0.0278654	
6.25	0.0521941	
6.29883	0.0537876	
6.34766	0.0265281	
6.39648	0.0121418	
6.44531	0.037929	
6.49414	0.0459896	
6.54297	0.0292726	
6.5918	0.00387507	
6.64063	0.026515	
6.68945	0.0389972	
6.73828	0.031152	
6.78711	0.00901788	
6.83594	0.0174795	
6.88477	0.0320306	
6.93359	0.0310436	
6.98242	0.0131067	
7.03125	0.00913977	
7.08008	0.0252766	
7.12891	0.0295111	
7.17773	0.0173598	
7.22656	0.00383758	
7.27539	0.0194713	
7.32422	0.0263065	
7.37305	0.0195882	
7.42188	0.00524884	
7.4707	0.0139054	
7.51953	0.0228429	
7.56836	0.0206909	
7.61719	0.00861001	
7.66602	0.00863302	
7.71484	0.0195698	
7.76367	0.0203201	
7.8125	0.0117609	
7.86133	0.0047256	
7.91016	0.0155096	
7.95898	0.0194014	
8.00781	0.014437	
8.05664	0.0036051	
8.10547	0.0115499	
8.1543	0.0174607	
8.20313	0.0159066	
8.25195	0.00609664	
8.30078	0.00749875	
8.34961	0.0154207	
8.39844	0.0163801	
8.44727	0.0088921	
8.49609	0.00409302	
8.54492	0.0130722	
8.59375	0.0155892	
8.64258	0.0110484	
8.69141	0.00337046	
8.74023	0.0100016	
8.78906	0.0148124	
8.83789	0.0122851	
8.88672	0.0049778	
8.93555	0.00717151	
8.98438	0.0134857	
9.0332	0.0127763	
9.08203	0.00720368	
9.13086	0.00456915	
9.17969	0.0114828	
9.22852	0.0127257	
9.27734	0.00911361	
9.32617	0.00347462	
9.375	0.00886381	
9.42383	0.0126424	
9.47266	0.0101863	
9.52148	0.00450891	
9.57031	0.0063704	
9.61914	0.0114895	
9.66797	0.011117	
9.7168	0.00658337	
9.76563	0.00440032	
9.81445	0.00972355	
9.86328	0.011599	
9.91211	0.00849509	
9.96094	0.00389894	
10.0098	0.00761288	
10.0586	0.011208	
10.1074	0.0101245	
10.1563	0.00531069	
10.2051	0.00560539	
10.2539	0.0104252	
10.3027	0.0111365	
10.3516	0.00790972	
10.4004	0.00410913	
10.4492	0.00837089	
10.498	0.0128763	
10.5469	0.012584	
10.5957	0.00930792	
10.6445	0.00590567	
10.6934	0.0194204	
10.7422	0.0747	
10.791	0.0644512	
10.8398	0.0161059	
10.8887	0.00753544	
10.9375	0.00183343	
10.9863	0.00558766	
11.0352	0.00787836	
11.084	0.00860797	
11.1328	0.00523655	
11.1816	0.000238457	
11.2305	0.00543	
11.2793	0.00808321	
11.3281	0.00680145	
11.377	0.00265104	
11.4258	0.00316697	
11.4746	0.00687797	
11.5234	0.00766649	
11.5723	0.00446676	
11.6211	0.00152157	
11.6699	0.00579956	
11.7188	0.0074891	
11.7676	0.00572971	
11.8164	0.00187675	
11.8652	0.00418971	
11.9141	0.00706639	
11.9629	0.00652816	
12.0117	0.00316362	
12.0605	0.00274396	
12.1094	0.00630194	
12.1582	0.00687077	
12.207	0.0043626	
12.2559	0.00181155	
12.3047	0.00526097	
12.3535	0.00677423	
12.4023	0.00534508	
12.4512	0.00198176	
12.5	0.0039545	
12.5488	0.00653631	
12.5977	0.00591648	
12.6465	0.00290502	
12.6953	0.00284578	
12.7441	0.00585925	
12.793	0.00619944	
12.8418	0.00392762	
12.8906	0.00202509	
12.9395	0.00484106	
12.9883	0.00624624	
13.0371	0.00484034	
13.0859	0.00201425	
13.1348	0.00392126	
13.1836	0.00597756	
13.2324	0.00534854	
13.2813	0.00268584	
13.3301	0.0028677	
13.3789	0.00540421	
13.4277	0.00576315	
13.4766	0.00351895	
13.5254	0.00210517	
13.5742	0.00472431	
13.623	0.00581781	
13.6719	0.00424233	
13.7207	0.00185341	
13.7695	0.00381368	
13.8184	0.00564353	
13.8672	0.00488121	
13.916	0.00231307	
13.9648	0.00296742	
14.0137	0.00520099	
14.0625	0.00528059	
14.1113	0.00307983	
14.1602	0.00211673	
14.209	0.00456397	
14.2578	0.00542135	
14.3066	0.00383893	
14.3555	0.00177452	
14.4043	0.00385854	
14.4531	0.00529598	
14.502	0.00439819	
14.5508	0.00212219	
14.5996	0.00293115	
14.6484	0.00496651	
14.6973	0.00488507	
14.7461	0.00271121	
14.7949	0.00217957	
14.8438	0.00446961	
14.8926	0.00503477	
14.9414	0.00342977	
14.9902	0.00165943	
15.0391	0.00377966	
15.0879	0.00503961	
15.1367	0.00409525	
15.1855	0.00176663	
15.2344	0.00301272	
15.2832	0.00482092	
15.332	0.0045832	
15.3809	0.00237598	
15.4297	0.00218631	
15.4785	0.00443893	
15.5273	0.00489316	
15.5762	0.00311845	
15.625	0.00149592	
15.6738	0.00393512	
15.7227	0.00514495	
15.7715	0.0039213	
15.8203	0.0012042	
15.8691	0.00342969	
15.918	0.00574715	
15.9668	0.00522202	
16.0156	0.00122471	
16.0645	0.00577247	
16.1133	0.0177491	
16.1621	0.0242589	
16.2109	0.00364853	
16.2598	0.00489592	
16.3086	0.00439733	
16.3574	0.00364241	
16.4063	0.00323615	
16.4551	0.00251892	
16.5039	0.00338318	
16.5527	0.00399419	
16.6016	0.00331018	
16.6504	0.0023832	
16.6992	0.00278736	
16.748	0.00395342	
16.7969	0.00368016	
16.8457	0.002524	
16.8945	0.00222823	
16.9434	0.00354214	
16.9922	0.00390102	
17.041	0.00275842	
17.0898	0.0020688	
17.1387	0.00302889	
17.1875	0.00389772	
17.2363	0.00314579	
17.2852	0.00205867	
17.334	0.00256282	
17.3828	0.00366734	
17.4316	0.00345035	
17.4805	0.00226872	
17.5293	0.00221237	
17.5781	0.00340306	
17.627	0.00359179	
17.6758	0.00260065	
17.7246	0.00196031	
17.7734	0.00299021	
17.8223	0.00370555	
17.8711	0.00295549	
17.9199	0.0019512	
17.9688	0.00261906	
18.0176	0.00353619	
18.0664	0.00327182	
18.1152	0.00212271	
18.1641	0.00215634	
18.2129	0.00331491	
18.2617	0.00350236	
18.3105	0.0024281	
18.3594	0.00191688	
18.4082	0.00290809	
18.457	0.00353645	
18.5059	0.00277894	
18.5547	0.00176566	
18.6035	0.0025124	
18.6523	0.00347325	
18.7012	0.00306024	
18.75	0.00189969	
18.7988	0.00219576	
18.8477	0.00324247	
18.8965	0.00326948	
18.9453	0.00215461	
18.9941	0.00184641	
19.043	0.00295918	
19.0918	0.00333416	
19.1406	0.00249937	
19.1895	0.0017103	
19.2383	0.00267186	
19.2871	0.00320413	
19.3359	0.00286334	
19.3848	0.00176163	
19.4336	0.00219642	
19.4824	0.00313446	
19.5313	0.00308919	
19.5801	0.00202631	
19.6289	0.00183717	
19.6777	0.00288557	
19.7266	0.00319424	
19.7754	0.00236851	
19.8242	0.00160069	
19.873	0.00257703	
19.9219	0.00315216	
19.9707	0.00270563	
20.0195	0.00159589	
20.0684	0.00218146	
20.1172	0.00307149	
20.166	0.00286277	
20.2148	0.00184207	
20.2637	0.00179544	
20.3125	0.00287326	
20.3613	0.0029857	
20.4102	0.00211313	
20.459	0.00151666	
20.5078	0.00259689	
20.5566	0.0030324	
20.6055	0.00237072	
20.6543	0.00143222	
20.7031	0.00221728	
20.752	0.00306019	
20.8008	0.00258577	
20.8496	0.00153241	
20.8984	0.00184716	
20.9473	0.00293682	
20.9961	0.00277091	
21.0449	0.00179014	
21.0938	0.00142659	
21.1426	0.00264659	
21.1914	0.00293729	
21.2402	0.00201801	
21.2891	0.00100344	
21.3379	0.00218842	
21.3867	0.00307312	
21.4355	0.00347316	
21.4844	0.00277501	
21.5332	0.0154011	
21.582	0.00420704	
21.6309	0.00403339	
21.6797	0.00348449	
21.7285	0.00224576	
21.7773	0.00257031	
21.8262	0.00297561	
21.875	0.00276838	
21.9238	0.00203176	
21.9727	0.0022114	
22.0215	0.00281055	
22.0703	0.00274572	
22.1191	0.00198013	
22.168	0.00194203	
22.2168	0.0026197	
22.2656	0.00271673	
22.3145	0.00213824	
22.3633	0.00179033	
22.4121	0.00241644	
22.4609	0.00274823	
22.5098	0.00228017	
22.5586	0.00170322	
22.6074	0.00219574	
22.6563	0.00269353	
22.7051	0.00242643	
22.7539	0.00174725	
22.8027	0.00197741	
22.8516	0.00257864	
22.9004	0.00254697	
22.9492	0.00188424	
22.998	0.00175544	
23.0469	0.00239076	
23.0957	0.00265761	
23.1445	0.00203256	
23.1934	0.00165575	
23.2422	0.00220537	
23.291	0.0025895	
23.3398	0.00225488	
23.3887	0.00163455	
23.4375	0.00195885	
23.4863	0.00251981	
23.5352	0.00242148	
23.584	0.00172804	
23.6328	0.00174686	
23.6816	0.00239735	
23.7305	0.00247396	
23.7793	0.00188766	
23.8281	0.00159469	
23.877	0.00220251	
23.9258	0.00250743	
23.9746	0.00210119	
24.0234	0.00155012	
24.0723	0.00198646	
24.1211	0.00245121	
24.1699	0.00223847	
24.2188	0.00162859	
24.2676	0.0017469	
24.3164	0.00234943	
24.3652	0.00237108	
24.4141	0.00179145	
24.4629	0.00158623	
24.5117	0.00218074	
24.5605	0.00240626	
24.6094	0.00196019	
24.6582	0.00151839	
24.707	0.00195874	
24.7559	0.00239952	
24.8047	0.00213181	
24.8535	0.0015624	
24.9023	0.00177282	
24.9512	0.00230293	
25	0.00225115	
25.0488	0.00168008	
25.0977	0.00158948	
25.1465	0.00215397	
25.1953	0.00233252	
25.2441	0.00185372	
25.293	0.00147961	
25.3418	0.00200103	
25.3906	0.00232029	
25.4395	0.00199585	
25.4883	0.0015053	
25.5371	0.00178379	
25.5859	0.00225982	
25.6348	0.00215361	
25.6836	0.00158602	
25.7324	0.00160686	
25.7813	0.00214353	
25.8301	0.00222714	
25.8789	0.00172842	
25.9277	0.00150187	
25.9766	0.0019912	
26.0254	0.00225804	
26.0742	0.00188186	
26.123	0.00146823	
26.1719	0.00182758	
26.2207	0.00222729	
26.2695	0.00201503	
26.3184	0.00151261	
26.3672	0.00168221	
26.416	0.0021565	
26.4648	0.00213335	
26.5137	0.00162811	
26.5625	0.00159058	
26.6113	0.00213366	
26.6602	0.00215494	
26.709	0.00176619	
26.7578	0.00173543	
26.8066	0.00241367	
26.8555	0.00233203	
26.9043	0.00309913	
26.9531	0.00197503	
27.002	0.000960842	
27.0508	0.0018407	
27.0996	0.00206993	
27.1484	0.0015323	
27.1973	0.00126756	
27.2461	0.00173441	
27.2949	0.00206408	
27.3438	0.00175338	
27.3926	0.00126304	
27.4414	0.00160438	
27.4902	0.00204068	
27.5391	0.00190791	
27.5879	0.0013724	
27.6367	0.00148847	
27.6855	0.00194179	
27.7344	0.0019867	
27.7832	0.00151849	
27.832	0.00133695	
27.8809	0.00184398	
27.9297	0.00202121	
27.9785	0.00165977	
28.0273	0.00128809	
28.0762	0.00169238	
28.125	0.00200633	
28.1738	0.00178099	
28.2227	0.00131543	
28.2715	0.00150639	
28.3203	0.00194789	
28.3691	0.00190437	
28.418	0.00140558	
28.4668	0.00135493	
28.5156	0.00184859	
28.5645	0.00193518	
28.6133	0.00155579	
28.6621	0.00127308	
28.7109	0.00169132	
28.7598	0.00196856	
28.8086	0.00169485	
28.8574	0.00127803	
28.9063	0.00153633	
28.9551	0.00191484	
29.0039	0.00180528	
29.0527	0.00136504	
29.1016	0.00138406	
29.1504	0.00183484	
29.1992	0.00187431	
29.248	0.00148545	
29.2969	0.00128827	
29.3457	0.00169962	
29.3945	0.00189022	
29.4434	0.00162144	
29.4922	0.0012616	
29.541	0.00153368	
29.5898	0.00188483	
29.6387	0.00173389	
29.6875	0.00131747	
29.7363	0.00137989	
29.7852	0.00180061	
29.834	0.00181352	
29.8828	0.00141601	
29.9316	0.00126738	
29.9805	0.00167565	
30.0293	0.00187586	
30.0781	0.00151904	
30.127	0.00123429	
30.1758	0.00153738	
30.2246	0.0018345	
30.2734	0.00164237	
30.3223	0.00126716	
30.3711	0.00139905	
30.4199	0.00176921	
30.4688	0.00173638	
30.5176	0.00135037	
30.5664	0.00128972	
30.6152	0.00165814	
30.6641	0.00178961	
30.7129	0.00145603	
30.7617	0.00123931	
30.8105	0.00153003	
30.8594	0.00178371	
30.9082	0.00158139	
30.957	0.00122866	
31.0059	0.00140689	
31.0547	0.00172435	
31.1035	0.00167172	
31.1523	0.00129136	
31.2012	0.00127862	
31.25	0.00161866	
31.2988	0.00172088	
31.3477	0.0013988	
31.3965	0.00119713	
31.4453	0.00148793	
31.4941	0.0017149	
31.543	0.00152136	
31.5918	0.00118424	
31.6406	0.00134636	
31.6895	0.00163947	
31.7383	0.00161607	
31.7871	0.00124279	
31.8359	0.00123937	
31.8848	0.00153374	
31.9336	0.0016178	
31.9824	0.00134532	
32.0313	0.00113664	
32.0801	0.00134732	
32.1289	0.00147995	
32.1777	0.00131833	
32.2266	0.00111474	
32.2754	0.000980026	
32.3242	0.00368022	
32.373	0.00185003	
32.4219	0.00112904	
32.4707	0.00150982	
32.5195	0.0019132	
32.5684	0.00176537	
32.6172	0.00129967	
32.666	0.00127556	
32.7148	0.00169221	
32.7637	0.00179076	
32.8125	0.00141829	
32.8613	0.00119892	
32.9102	0.00152426	
32.959	0.00175737	
33.0078	0.00152236	
33.0566	0.00116709	
33.1055	0.00137321	
33.1543	0.00169417	
33.2031	0.0016261	
33.252	0.00123776	
33.3008	0.00124315	
33.3496	0.00160105	
33.3984	0.00168046	
33.4473	0.00134184	
33.4961	0.00115701	
33.5449	0.00148159	
33.5938	0.00168793	
33.6426	0.00146416	
33.6914	0.00114045	
33.7402	0.00135137	
33.7891	0.0016578	
33.8379	0.00154905	
33.8867	0.00120627	
33.9355	0.00122685	
33.9844	0.00157948	
34.0332	0.00162644	
34.082	0.00129298	
34.1309	0.00114402	
34.1797	0.00147449	
34.2285	0.0016421	
34.2773	0.0013989	
34.3262	0.00112676	
34.375	0.00135251	
34.4238	0.00162186	
34.4727	0.00149828	
34.5215	0.00115918	
34.5703	0.0012318	
34.6191	0.00156235	
34.668	0.0015655	
34.7168	0.00124405	
34.7656	0.00114391	
34.8145	0.00146387	
34.8633	0.0016025	
34.9121	0.00135042	
34.9609	0.00110067	
35.0098	0.00134644	
35.0586	0.00158755	
35.1074	0.00144781	
35.1563	0.0011329	
35.2051	0.00122535	
35.2539	0.00154105	
35.3027	0.00152415	
35.3516	0.00120454	
35.4004	0.00113069	
35.4492	0.00145968	
35.498	0.001559	
35.5469	0.00130025	
35.5957	0.00108964	
35.6445	0.00134576	
35.6934	0.00157039	
35.7422	0.00139945	
35.791	0.00109929	
35.8398	0.00123444	
35.8887	0.00153119	
35.9375	0.00147523	
35.9863	0.00116512	
36.0352	0.00113036	
36.084	0.00145509	
36.1328	0.00152969	
36.1816	0.00125502	
36.2305	0.00107687	
36.2793	0.00134624	
36.3281	0.00154389	
36.377	0.00135815	
36.4258	0.00107887	
36.4746	0.00122716	
36.5234	0.00152032	
36.5723	0.00145313	
36.6211	0.00114457	
36.6699	0.00112237	
36.7188	0.0014475	
36.7676	0.00151376	
36.8164	0.00125888	
36.8652	0.00106754	
36.9141	0.00132663	
36.9629	0.00156163	
37.0117	0.00138639	
37.0605	0.00107701	
37.1094	0.00122495	
37.1582	0.00153227	
37.207	0.00149448	
37.2559	0.00115232	
37.3047	0.00107607	
37.3535	0.00145476	
37.4023	0.00172805	
37.4512	0.00128749	
37.5	0.000954476	
37.5488	0.0014266	
37.5977	0.00243976	
37.6465	0.003517	
37.6953	0.00412564	
37.7441	0.00114346	
37.793	0.00110531	
37.8418	0.00100816	
37.8906	0.00109875	
37.9395	0.00114368	
37.9883	0.00135895	
38.0371	0.00117738	
38.0859	0.000983949	
38.1348	0.00113324	
38.1836	0.0013179	
38.2324	0.00126407	
38.2813	0.00104589	
38.3301	0.00104063	
38.3789	0.00126592	
38.4277	0.00136801	
38.4766	0.00114431	
38.5254	0.00100009	
38.5742	0.0012122	
38.623	0.00134658	
38.6719	0.00124598	
38.7207	0.00102019	
38.7695	0.00111047	
38.8184	0.00132062	
38.8672	0.00132154	
38.916	0.0010819	
38.9648	0.0010358	
39.0137	0.00126118	
39.0625	0.00134296	
39.1113	0.00115043	
39.1602	0.00101074	
39.209	0.00118273	
39.2578	0.00132599	
39.3066	0.00124506	
39.3555	0.00100229	
39.4043	0.0010966	
39.4531	0.00130008	
39.502	0.00128844	
39.5508	0.00106029	
39.5996	0.00102559	
39.6484	0.00124882	
39.6973	0.00132346	
39.7461	0.0011206	
39.7949	0.000979379	
39.8438	0.00117156	
39.8926	0.00132792	
39.9414	0.00120552	
39.9902	0.000985628	
40.0391	0.00109346	
40.0879	0.00129938	
40.1367	0.00126706	
40.1855	0.00102288	
40.2344	0.00101955	
40.2832	0.00124922	
40.332	0.00129517	
40.3809	0.00109552	
40.4297	0.000976732	
40.4785	0.00118176	
40.5273	0.00129862	
40.5762	0.00117342	
40.625	0.000969247	
40.6738	0.00109785	
40.7227	0.00128043	
40.7715	0.00122734	
40.8203	0.00101607	
40.8691	0.00101766	
40.918	0.00124184	
40.9668	0.0012708	
41.0156	0.00106315	
41.0645	0.000961656	
41.1133	0.00117614	
41.1621	0.00128668	
41.2109	0.00112923	
41.2598	0.000947336	
41.3086	0.00109289	
41.3574	0.00128004	
41.4063	0.00119188	
41.4551	0.000974303	
41.5039	0.0010101	
41.5527	0.00124619	
41.6016	0.00124042	
41.6504	0.00102348	
41.6992	0.000961237	
41.748	0.00117409	
41.7969	0.00126529	
41.8457	0.0010945	
41.8945	0.000935655	
41.9434	0.00109939	
41.9922	0.00126539	
42.041	0.0011555	
42.0898	0.000949093	
42.1387	0.00102388	
42.1875	0.00123402	
42.2363	0.00120621	
42.2852	0.000986045	
42.334	0.000961048	
42.3828	0.00117571	
42.4316	0.00124233	
42.4805	0.00103792	
42.5293	0.000921118	
42.5781	0.00110394	
42.627	0.00126021	
42.6758	0.00111446	
42.7246	0.000904973	
42.7734	0.00102624	
42.8223	0.00126716	
42.8711	0.00120233	
42.9199	0.000889455	
42.9688	0.000895294	
43.0176	0.00142956	
43.0664	0.000547569	
43.1152	0.00126194	
43.1641	0.00105719	
43.2129	0.00103291	
43.2617	0.00115663	
43.3105	0.00112473	
43.3594	0.000956941	
43.4082	0.00102673	
43.457	0.00117858	
43.5059	0.00113531	
43.5547	0.000977274	
43.6035	0.000974312	
43.6523	0.0011547	
43.7012	0.00117228	
43.75	0.00101356	
43.7988	0.000930921	
43.8477	0.00108969	
43.8965	0.00119139	
43.9453	0.00105104	
43.9941	0.000924237	
44.043	0.00102837	
44.0918	0.00117741	
44.1406	0.00110656	
44.1895	0.000938174	
44.2383	0.000968956	
44.2871	0.00114078	
44.3359	0.00114396	
44.3848	0.000974808	
44.4336	0.000929094	
44.4824	0.00109094	
44.5313	0.0011637	
44.5801	0.0010282	
44.6289	0.0009071	
44.6777	0.00103396	
44.7266	0.00116167	
44.7754	0.00107541	
44.8242	0.000916991	
44.873	0.000975319	
44.9219	0.00113739	
44.9707	0.00111941	
45.0195	0.000947014	
45.0684	0.000924237	
45.1172	0.00109048	
45.166	0.00114402	
45.2148	0.000992333	
45.2637	0.000898535	
45.3125	0.00103054	
45.3613	0.00114528	
45.4102	0.00104762	
45.459	0.00089337	
45.5078	0.000971363	
45.5566	0.00112733	
45.6055	0.00108955	
45.6543	0.000917436	
45.7031	0.000921302	
45.752	0.0010866	
45.8008	0.00111922	
45.8496	0.000959717	
45.8984	0.000886085	
45.9473	0.00103976	
45.9961	0.00112196	
46.0449	0.00101182	
46.0938	0.000877064	
46.1426	0.000981172	
46.1914	0.00110625	
46.2402	0.00105875	
46.2891	0.000893813	
46.3379	0.000926342	
46.3867	0.00108056	
46.4355	0.00108804	
46.4844	0.000935051	
46.5332	0.000880838	
46.582	0.00103054	
46.6309	0.00110617	
46.6797	0.00098286	
46.7285	0.000858377	
46.7773	0.0009827	
46.8262	0.00109042	
46.875	0.00102775	
46.9238	0.00086639	
46.9727	0.000916182	
47.0215	0.00107763	
47.0703	0.00105516	
47.1191	0.000891546	
47.168	0.00087415	
47.2168	0.0010333	
47.2656	0.00106031	
47.3145	0.000933198	
47.3633	0.000842257	
47.4121	0.000993215	
47.4609	0.00106251	
47.5098	0.000968743	
47.5586	0.000822642	
47.6074	0.000939561	
47.6563	0.00106734	
47.7051	0.000969588	
47.7539	0.000844651	
47.8027	0.000895421	
47.8516	0.00105565	
47.9004	0.00100689	
47.9492	0.000857342	
47.998	0.000841815	
48.0469	0.00101418	
48.0957	0.00100211	
48.1445	0.000768939	
48.1934	0.000873986	
48.2422	0.00092372	
48.291	0.000882168	
48.3398	0.000694645	
48.3887	0.000625667	
48.4375	0.00370895	
48.4863	0.00208731	
48.5352	0.00146725	
48.584	0.00122789	
48.6328	0.000884572	
48.6816	0.00110933	
48.7305	0.00115431	
48.7793	0.00114553	
48.8281	0.000899534	
48.877	0.000912831	
48.9258	0.00112417	
48.9746	0.00113533	
49.0234	0.000894286	
49.0723	0.00084112	
49.1211	0.00103397	
49.1699	0.00110392	
49.2188	0.000971449	
49.2676	0.000827043	
49.3164	0.000963645	
49.3652	0.00111473	
49.4141	0.00100127	
49.4629	0.000838092	
49.5117	0.000909775	
49.5605	0.00107887	
49.6094	0.00103349	
49.6582	0.000872609	
49.707	0.000875573	
49.7559	0.00103733	
49.8047	0.00106266	
49.8535	0.00091428	
49.9023	0.000827354	
49.9512	0.000990653	
50	0.00108295	
50.0488	0.000938713	
50.0977	0.000837368	
50.1465	0.000926252	
50.1953	0.00106016	
50.2441	0.000991539	
50.293	0.000839822	
50.3418	0.000872264	
50.3906	0.0010278	
50.4395	0.00102746	
50.4883	0.000876292	
50.5371	0.000832079	
50.5859	0.000977055	
50.6348	0.00103923	
50.6836	0.0009225	
50.7324	0.000819214	
50.7813	0.00092239	
50.8301	0.00104233	
50.8789	0.00096313	
50.9277	0.000827247	
50.9766	0.000872312	
51.0254	0.00101734	
51.0742	0.00100167	
51.123	0.000848098	
51.1719	0.000829899	
51.2207	0.000978721	
51.2695	0.00102792	
51.3184	0.000885473	
51.3672	0.000813226	
51.416	0.000928259	
51.4648	0.00103025	
51.5137	0.000930093	
51.5625	0.000804592	
51.6113	0.000885683	
51.6602	0.00100739	
51.709	0.000971004	
51.7578	0.000828498	
51.8066	0.000838611	
51.8555	0.000969588	
51.9043	0.000999998	
51.9531	0.000868241	
52.002	0.000807053	
52.0508	0.000928852	
52.0996	0.00100566	
52.1484	0.000911778	
52.1973	0.000797874	
52.2461	0.000882461	
52.2949	0.000989481	
52.3438	0.000954672	
52.3926	0.000815087	
52.4414	0.000835953	
52.4902	0.000970424	
52.5391	0.000979104	
52.5879	0.000847745	
52.6367	0.000806972	
52.6855	0.000933599	
52.7344	0.000991178	
52.7832	0.000889461	
52.832	0.000792722	
52.8809	0.000888789	
52.9297	0.000987257	
52.9785	0.00093002	
53.0273	0.000803283	
53.0762	0.000843713	
53.125	0.000970684	
53.1738	0.000956569	
53.2227	0.000834625	
53.2715	0.000806119	
53.3203	0.000933855	
53.3691	0.000971872	
53.418	0.000873199	
53.4668	0.000810052	
53.5156	0.000902928	
53.5645	0.000951408	
53.6133	0.000931313	
53.6621	0.000878732	
53.7109	0.000931708	
53.7598	0.00089541	
53.8086	0.00123613	
53.8574	0.00047691	
53.9063	0.00069516	
53.9551	0.000940455	
54.0039	0.000946084	
54.0527	0.000779678	
54.1016	0.000736262	
54.1504	0.000863637	
54.1992	0.000957708	
54.248	0.000869585	
54.2969	0.000731983	
54.3457	0.000819249	
54.3945	0.00094532	
54.4434	0.000917121	
54.4922	0.000767247	
54.541	0.000780067	
54.5898	0.000918127	
54.6387	0.0009397	
54.6875	0.000810061	
54.7363	0.000746903	
54.7852	0.000879411	
54.834	0.000948295	
54.8828	0.000854172	
54.9316	0.000738916	
54.9805	0.000830757	
55.0293	0.000941255	
55.0781	0.000889257	
55.127	0.00075583	
55.1758	0.000782534	
55.2246	0.000917069	
55.2734	0.000921004	
55.3223	0.000786982	
55.3711	0.000747132	
55.4199	0.000878302	
55.4688	0.000931652	
55.5176	0.000833172	
55.5664	0.000733527	
55.6152	0.000833512	
55.6641	0.000934353	
55.7129	0.000868569	
55.7617	0.00074347	
55.8105	0.000786003	
55.8594	0.000910825	
55.9082	0.000901981	
55.957	0.000774215	
56.0059	0.000747901	
56.0547	0.000879201	
56.1035	0.000917675	
56.1523	0.000811434	
56.2012	0.00073262	
56.25	0.000833701	
56.2988	0.000918348	
56.3477	0.000851331	
56.3965	0.000735045	
56.4453	0.000783788	
56.4941	0.000903275	
56.543	0.000884725	
56.5918	0.000757439	
56.6406	0.000745871	
56.6895	0.000872382	
56.7383	0.000906987	
56.7871	0.000790954	
56.8359	0.000719798	
56.8848	0.000829307	
56.9336	0.000917426	
56.9824	0.000823272	
57.0313	0.000720402	
57.0801	0.000783059	
57.1289	0.000898512	
57.1777	0.000867154	
57.2266	0.000737759	
57.2754	0.000747181	
57.3242	0.000867771	
57.373	0.000889743	
57.4219	0.000773639	
57.4707	0.000727213	
57.5195	0.000822751	
57.5684	0.000901551	
57.6172	0.000810632	
57.666	0.000715058	
57.7148	0.000783387	
57.7637	0.000883368	
57.8125	0.000847554	
57.8613	0.000726458	
57.9102	0.000740647	
57.959	0.00085578	
58.0078	0.000876266	
58.0566	0.000747936	
58.1055	0.000706077	
58.1543	0.000806024	
58.2031	0.000888911	
58.252	0.000787055	
58.3008	0.000690882	
58.3496	0.000742618	
58.3984	0.000871275	
58.4473	0.000843331	
58.4961	0.000677841	
58.5449	0.000688519	
58.5938	0.000821574	
58.6426	0.00088174	
58.6914	0.000729207	
58.7402	0.000658548	
58.7891	0.000761435	
58.8379	0.000878688	
58.8867	0.000800508	
58.9355	0.000554998	
58.9844	0.000718977	
59.0332	0.000856746	
59.082	0.000730386	
59.1309	0.00046993	
59.1797	0.000836561	
59.2285	0.00248855	
59.2773	0.000965738	
59.3262	0.000743365	
59.375	0.000938484	
59.4238	0.000990431	
59.4727	0.00093631	
59.5215	0.000751567	
59.5703	0.000808614	
59.6191	0.000916214	
59.668	0.000914466	
59.7168	0.000791315	
59.7656	0.000781764	
59.8145	0.000847142	
59.8633	0.000893111	
59.9121	0.000822633	
59.9609	0.000721649	
60.0098	0.000837925	
60.0586	0.000875719	
60.1074	0.000836731	
60.1563	0.000742352	
60.2051	0.000755361	
60.2539	0.000846286	
60.3027	0.000865677	
60.3516	0.000769297	
60.4004	0.000716247	
60.4492	0.000811485	
60.498	0.000873331	
60.5469	0.000809082	
60.5957	0.00071471	
60.6445	0.000775944	
60.6934	0.00085583	
60.7422	0.000836381	
60.791	0.000743659	
60.8398	0.000726529	
60.8887	0.000840668	
60.9375	0.000857569	
60.9863	0.000761779	
61.0352	0.000709428	
61.084	0.000801141	
61.1328	0.00085931	
61.1816	0.000789765	
61.2305	0.000704563	
61.2793	0.000764588	
61.3281	0.000853661	
61.377	0.000819558	
61.4258	0.000710774	
61.4746	0.000730917	
61.5234	0.000832953	
61.5723	0.000833281	
61.6211	0.000741563	
61.6699	0.000704557	
61.7188	0.000804413	
61.7676	0.000846299	
61.8164	0.000771964	
61.8652	0.00069713	
61.9141	0.000761747	
61.9629	0.000840543	
62.0117	0.000802201	
62.0605	0.00071085	
62.1094	0.000722182	
62.1582	0.000828128	
62.207	0.00082615	
62.2559	0.000733241	
62.3047	0.000698012	
62.3535	0.000793557	
62.4023	0.000839431	
62.4512	0.00075983	
62.5	0.000686269	
62.5488	0.00075999	
62.5977	0.00084066	
62.6465	0.000785972	
62.6953	0.000692307	
62.7441	0.000726906	
62.793	0.000828222	
62.8418	0.000806741	
62.8906	0.000710324	
62.9395	0.00069975	
62.9883	0.0007972	
63.0371	0.000827465	
63.0859	0.000736557	
63.1348	0.000686218	
63.1836	0.000761495	
63.2324	0.00083049	
63.2813	0.000769837	
63.3301	0.000683866	
63.3789	0.00072308	
63.4277	0.000819262	
63.4766	0.00080106	
63.5254	0.000700322	
63.5742	0.000694388	
63.623	0.00079676	
63.6719	0.000821097	
63.7207	0.000731616	
63.7695	0.000679499	
63.8184	0.000761258	
63.8672	0.000831597	
63.916	0.000765818	
63.9648	0.000674619	
64.0137	0.000731076	
64.0625	0.000819406	
64.1113	0.00079407	
64.1602	0.000688743	
64.209	0.000693072	
64.2578	0.000800978	
64.3066	0.000842324	
64.3555	0.000702758	
64.4043	0.000664048	
64.4531	0.000804374	
64.502	0.000954205	
64.5508	0.000841342	
64.5996	0.000913543	
64.6484	0.00064165	
64.6973	0.000740827	
64.7461	0.000736904	
64.7949	0.000675141	
64.8438	0.000677412	
64.8926	0.00077417	
64.9414	0.000759225	
64.9902	0.000681393	
65.0391	0.000674997	
65.0879	0.000749819	
65.1367	0.000775329	
65.1855	0.000704871	
65.2344	0.000663808	
65.2832	0.000726374	
65.332	0.000785421	
65.3809	0.000735048	
65.4297	0.000662969	
65.4785	0.000702234	
65.5273	0.000774987	
65.5762	0.000762454	
65.625	0.000675971	
65.6738	0.000675373	
65.7227	0.000755576	
65.7715	0.000778615	
65.8203	0.000702112	
65.8691	0.000657785	
65.918	0.000730004	
65.9668	0.000781356	
66.0156	0.000726298	
66.0645	0.000657674	
66.1133	0.000700588	
66.1621	0.000770413	
66.2109	0.000754148	
66.2598	0.00066574	
66.3086	0.000676888	
66.3574	0.000754224	
66.4063	0.000768576	
66.4551	0.000689424	
66.5039	0.000654808	
66.5527	0.000728813	
66.6016	0.00077671	
66.6504	0.000711867	
66.6992	0.000646759	
66.748	0.000702905	
66.7969	0.000771221	
66.8457	0.000741657	
66.8945	0.000652763	
66.9434	0.000672927	
66.9922	0.000757965	
67.041	0.000757	
67.0898	0.000672005	
67.1387	0.000653434	
67.1875	0.000736876	
67.2363	0.000764874	
67.2852	0.000698558	
67.334	0.000640984	
67.3828	0.000705529	
67.4316	0.00076623	
67.4805	0.000723592	
67.5293	0.000649078	
67.5781	0.000677868	
67.627	0.00075186	
67.6758	0.000743239	
67.7246	0.000667004	
67.7734	0.000649465	
67.8223	0.000733046	
67.8711	0.000756046	
67.9199	0.000683879	
67.9688	0.000640635	
68.0176	0.000706666	
68.0664	0.000762295	
68.1152	0.000708618	
68.1641	0.000638401	
68.2129	0.00067617	
68.2617	0.000760304	
68.3105	0.000730432	
68.3594	0.000650962	
68.4082	0.00065383	
68.457	0.000741839	
68.5059	0.000750657	
68.5547	0.000666126	
68.6035	0.000638976	
68.6523	0.000716075	
68.7012	0.000759237	
68.75	0.00069168	
68.7988	0.000636117	
68.8477	0.000686381	
68.8965	0.000758724	
68.9453	0.000707736	
68.9941	0.000644778	
69.043	0.000660197	
69.0918	0.000753728	
69.1406	0.000720649	
69.1895	0.000646137	
69.2383	0.000657455	
69.2871	0.000720496	
69.3359	0.000736645	
69.3848	0.000639526	
69.4336	0.000638686	
69.4824	0.000704811	
69.5313	0.000764238	
69.5801	0.000672058	
69.6289	0.000612541	
69.6777	0.000734548	
69.7266	0.000759079	
69.7754	0.000727108	
69.8242	0.000645959	
69.873	0.000793014	
69.9219	0.000914344	
69.9707	0.000787805	
70.0195	0.00112407	
70.0684	0.000733615	
70.1172	0.000508406	
70.166	0.000685249	
70.2148	0.00074954	
70.2637	0.000665431	
70.3125	0.000594728	
70.3613	0.000692963	
70.4102	0.000735638	
70.459	0.000675266	
70.5078	0.000600362	
70.5566	0.000701671	
70.6055	0.000744864	
70.6543	0.000689584	
70.7031	0.00061304	
70.752	0.000647273	
70.8008	0.000740479	
70.8496	0.000698518	
70.8984	0.000622322	
70.9473	0.000629054	
70.9961	0.000715259	
71.0449	0.000714465	
71.0938	0.000642139	
71.1426	0.00061661	
71.1914	0.000684219	
71.2402	0.000720727	
71.2891	0.000662937	
71.3379	0.000612614	
71.3867	0.00066158	
71.4355	0.000723867	
71.4844	0.000682851	
71.5332	0.000612835	
71.582	0.00064826	
71.6309	0.000705924	
71.6797	0.000700564	
71.7285	0.000635999	
71.7773	0.000623814	
71.8262	0.000691662	
71.875	0.00071518	
71.9238	0.000651147	
71.9727	0.000608383	
72.0215	0.000670453	
72.0703	0.000719006	
72.1191	0.000675419	
72.168	0.00061294	
72.2168	0.000640574	
72.2656	0.000708854	
72.3145	0.000696539	
72.3633	0.000616128	
72.4121	0.000623733	
72.4609	0.00069345	
72.5098	0.000708455	
72.5586	0.000636619	
72.6074	0.000608585	
72.6563	0.000671902	
72.7051	0.000711589	
72.7539	0.000658268	
72.8027	0.000600947	
72.8516	0.000652111	
72.9004	0.00070315	
72.9492	0.000680508	
72.998	0.000609525	
73.0469	0.000628947	
73.0957	0.000690907	
73.1445	0.000695524	
73.1934	0.000625219	
73.2422	0.000608672	
73.291	0.000672132	
73.3398	0.000699837	
73.3887	0.000650604	
73.4375	0.000598753	
73.4863	0.000648196	
73.5352	0.000704279	
73.584	0.000672783	
73.6328	0.000602848	
73.6816	0.000625745	
73.7305	0.00069117	
73.7793	0.000689559	
73.8281	0.000618212	
73.877	0.000603319	
73.9258	0.000676295	
73.9746	0.000695199	
74.0234	0.000636686	
74.0723	0.000593624	
74.1211	0.000652062	
74.1699	0.000692701	
74.2188	0.000656299	
74.2676	0.000596687	
74.3164	0.000629167	
74.3652	0.00068768	
74.4141	0.000673712	
74.4629	0.000605738	
74.5117	0.00061004	
74.5605	0.000676735	
74.6094	0.000681537	
74.6582	0.000621919	
74.707	0.000603407	
74.7559	0.000657934	
74.8047	0.000687459	
74.8535	0.000641325	
74.9023	0.000595323	
74.9512	0.000635332	
75	0.000678804	
75.0488	0.000646424	
75.0977	0.000614248	
75.1465	0.000606442	
75.1953	0.000647436	
75.2441	0.000642904	
75.293	0.000655532	
75.3418	0.000782352	
75.3906	0.000744286	
75.4395	0.000703062	
75.4883	0.000655852	
75.5371	0.000586211	
75.5859	0.000641529	
75.6348	0.000686248	
75.6836	0.000671654	
75.7324	0.00059175	
75.7813	0.000602167	
75.8301	0.000679561	
75.8789	0.000683303	
75.9277	0.000603281	
75.9766	0.000582154	
76.0254	0.000654491	
76.0742	0.000687275	
76.123	0.000630479	
76.1719	0.000577547	
76.2207	0.00062937	
76.2695	0.000689234	
76.3184	0.000647284	
76.3672	0.000585777	
76.416	0.000605593	
76.4648	0.000673412	
76.5137	0.000665436	
76.5625	0.000600699	
76.6113	0.000587644	
76.6602	0.000656029	
76.709	0.000678877	
76.7578	0.000619494	
76.8066	0.000577286	
76.8555	0.000632377	
76.9043	0.000680039	
76.9531	0.000636627	
77.002	0.000581548	
77.0508	0.000608346	
77.0996	0.000670183	
77.1484	0.000654853	
77.1973	0.000587978	
77.2461	0.000587876	
77.2949	0.000655658	
77.3438	0.000666635	
77.3926	0.00060915	
77.4414	0.000576632	
77.4902	0.000634319	
77.5391	0.000673655	
77.5879	0.000628952	
77.6367	0.000575731	
77.6855	0.000608922	
77.7344	0.000665707	
77.7832	0.000650049	
77.832	0.000583527	
77.8809	0.000585599	
77.9297	0.000655486	
77.9785	0.000664108	
78.0273	0.000597377	
78.0762	0.000575556	
78.125	0.000634194	
78.1738	0.000669669	
78.2227	0.000619415	
78.2715	0.000570505	
78.3203	0.000611827	
78.3691	0.000667877	
78.418	0.000639158	
78.4668	0.000576064	
78.5156	0.000596985	
78.5645	0.000651359	
78.6133	0.0006548	
78.6621	0.000589762	
78.7109	0.000573668	
78.7598	0.000635238	
78.8086	0.000662352	
78.8574	0.000611881	
78.9063	0.000567673	
78.9551	0.000610685	
79.0039	0.000657772	
79.0527	0.000633829	
79.1016	0.000572482	
79.1504	0.000588455	
79.1992	0.000648811	
79.248	0.000654194	
79.2969	0.000586607	
79.3457	0.000575471	
79.3945	0.000634356	
79.4434	0.000659122	
79.4922	0.000610367	
79.541	0.000568159	
79.5898	0.000618858	
79.6387	0.000659323	
79.6875	0.000635	
79.7363	0.000566425	
79.7852	0.0005983	
79.834	0.000651937	
79.8828	0.000657293	
79.9316	0.000585355	
79.9805	0.000576488	
80.0293	0.000650418	
80.0781	0.000663838	
80.127	0.000616535	
80.1758	0.000550861	
80.2246	0.000619559	
80.2734	0.000660819	
80.3223	0.000648964	
80.3711	0.000587157	
80.4199	0.000583836	
80.4688	0.000667734	
80.5176	0.000701049	
80.5664	0.000679181	
80.6152	0.000648514	
80.6641	0.00069961	
80.7129	0.00127472	
80.7617	0.000298125	
80.8105	0.000484916	
80.8594	0.000685587	
80.9082	0.000562828	
80.957	0.000479062	
81.0059	0.000511103	
81.0547	0.000595865	
81.1035	0.000611739	
81.1523	0.000570986	
81.2012	0.000509748	
81.25	0.000572064	
81.2988	0.000605353	
81.3477	0.000615879	
81.3965	0.000544756	
81.4453	0.000555263	
81.4941	0.000613381	
81.543	0.000617642	
81.5918	0.000573038	
81.6406	0.000535858	
81.6895	0.000597232	
81.7383	0.000626019	
81.7871	0.000593933	
81.8359	0.000534436	
81.8848	0.000575745	
81.9336	0.000628131	
81.9824	0.000606178	
82.0313	0.000541339	
82.0801	0.000550656	
82.1289	0.000618971	
82.1777	0.000619357	
82.2266	0.000557737	
82.2754	0.000537172	
82.3242	0.000592903	
82.373	0.000631124	
82.4219	0.000579049	
82.4707	0.000529539	
82.5195	0.000575048	
82.5684	0.000627904	
82.6172	0.00059592	
82.666	0.00053963	
82.7148	0.0005535	
82.7637	0.000617102	
82.8125	0.000613814	
82.8613	0.000556173	
82.9102	0.000540316	
82.959	0.000603518	
83.0078	0.00062276	
83.0566	0.000572087	
83.1055	0.000537556	
83.1543	0.000577501	
83.2031	0.000621547	
83.252	0.000592149	
83.3008	0.000537179	
83.3496	0.000555873	
83.3984	0.000615091	
83.4473	0.000609775	
83.4961	0.000549552	
83.5449	0.000539983	
83.5938	0.000596341	
83.6426	0.000621563	
83.6914	0.000566973	
83.7402	0.00052942	
83.7891	0.00057499	
83.8379	0.000624417	
83.8867	0.000581801	
83.9355	0.000533039	
83.9844	0.000557569	
84.0332	0.000614069	
84.082	0.000601423	
84.1309	0.000541649	
84.1797	0.000543094	
84.2285	0.000598759	
84.2773	0.0006112	
84.3262	0.00055735	
84.375	0.000532369	
84.4238	0.000578525	
84.4727	0.000617236	
84.5215	0.000574851	
84.5703	0.000530471	
84.6191	0.00056109	
84.668	0.000611057	
84.7168	0.000594037	
84.7656	0.000535238	
84.8145	0.000543967	
84.8633	0.000596896	
84.9121	0.000607419	
84.9609	0.00054916	
85.0098	0.00052726	
85.0586	0.000579692	
85.1074	0.000613269	
85.1563	0.000565701	
85.2051	0.000521697	
85.2539	0.000557498	
85.3027	0.000608698	
85.3516	0.000588865	
85.4004	0.000524898	
85.4492	0.000535937	
85.498	0.000596246	
85.5469	0.000603489	
85.5957	0.00054272	
85.6445	0.000523313	
85.6934	0.000575609	
85.7422	0.000609187	
85.791	0.000562806	
85.8398	0.00050334	
85.8887	0.000558285	
85.9375	0.000600988	
85.9863	0.000563681	
86.0352	0.000480564	
86.084	0.000454542	
86.1328	0.000751212	
86.1816	0.000610717	
86.2305	0.000536105	
86.2793	0.000556719	
86.3281	0.000601026	
86.377	0.000611549	
86.4258	0.000550199	
86.4746	0.000534135	
86.5234	0.000580493	
86.5723	0.000608116	
86.6211	0.000569929	
86.6699	0.000532886	
86.7188	0.000555372	
86.7676	0.00060011	
86.8164	0.000583345	
86.8652	0.000532598	
86.9141	0.00053911	
86.9629	0.000587597	
87.0117	0.000592605	
87.0605	0.000545026	
87.1094	0.000524087	
87.1582	0.000571366	
87.207	0.000600334	
87.2559	0.000561939	
87.3047	0.00052038	
87.3535	0.00055632	
87.4023	0.00059683	
87.4512	0.000579495	
87.5	0.000526209	
87.5488	0.000536405	
87.5977	0.000587761	
87.6465	0.000589724	
87.6953	0.000539067	
87.7441	0.000523112	
87.793	0.000574277	
87.8418	0.000597155	
87.8906	0.000552083	
87.9395	0.00051822	
87.9883	0.000553868	
88.0371	0.000594938	
88.0859	0.000569198	
88.1348	0.000518336	
88.1836	0.000537406	
88.2324	0.000588951	
88.2813	0.000582606	
88.3301	0.000530018	
88.3789	0.000521595	
88.4277	0.000576609	
88.4766	0.000587301	
88.5254	0.000545636	
88.5742	0.000514439	
88.623	0.000556998	
88.6719	0.000592932	
88.7207	0.000561164	
88.7695	0.000516793	
88.8184	0.000537558	
88.8672	0.00058498	
88.916	0.000575475	
88.9648	0.000524933	
89.0137	0.000519382	
89.0625	0.000574679	
89.1113	0.000584017	
89.1602	0.000541006	
89.209	0.000510968	
89.2578	0.000555802	
89.3066	0.000591627	
89.3555	0.000552469	
89.4043	0.000510961	
89.4531	0.000539285	
89.502	0.000586581	
89.5508	0.000568458	
89.5996	0.000516737	
89.6484	0.000524246	
89.6973	0.00057602	
89.7461	0.000580397	
89.7949	0.000527056	
89.8438	0.000512219	
89.8926	0.000562392	
89.9414	0.000582148	
89.9902	0.000544362	
90.0391	0.000509933	
90.0879	0.000541886	
90.1367	0.000584068	
90.1855	0.000559741	
90.2344	0.000509139	
90.2832	0.000525414	
90.332	0.000578183	
90.3809	0.000577462	
90.4297	0.000519256	
90.4785	0.000516366	
90.5273	0.000560313	
90.5762	0.000585633	
90.625	0.00053862	
90.6738	0.000510725	
90.7227	0.000547273	
90.7715	0.00058797	
90.8203	0.000563828	
90.8691	0.000507715	
90.918	0.000545116	
90.9668	0.000576637	
91.0156	0.000574346	
91.0645	0.00050697	
91.1133	0.000519975	
91.1621	0.000582784	
91.2109	0.000596609	
91.2598	0.000495881	
91.3086	0.000494103	
91.3574	0.000610908	
91.4063	0.000726422	
91.4551	0.000478496	
91.5039	0.00111554	
91.5527	0.000319228	
91.6016	0.000473198	
91.6504	0.000607501	
91.6992	0.000534653	
91.748	0.000469667	
91.7969	0.000530864	
91.8457	0.000562863	
91.8945	0.000520918	
91.9434	0.000502142	
91.9922	0.000514398	
92.041	0.000560768	
92.0898	0.000523227	
92.1387	0.000503167	
92.1875	0.000514734	
92.2363	0.000560645	
92.2852	0.00054749	
92.334	0.000501983	
92.3828	0.000513455	
92.4316	0.00054477	
92.4805	0.000561282	
92.5293	0.000515494	
92.5781	0.000504073	
92.627	0.000533352	
92.6758	0.000562287	
92.7246	0.00053495	
92.7734	0.000500065	
92.8223	0.000518711	
92.8711	0.000557586	
92.9199	0.000546938	
92.9688	0.000504332	
93.0176	0.000507125	
93.0664	0.000547625	
93.1152	0.000555455	
93.1641	0.000510731	
93.2129	0.000499311	
93.2617	0.00053379	
93.3105	0.000557389	
93.3594	0.000529007	
93.4082	0.000491945	
93.457	0.000520846	
93.5059	0.000556392	
93.5547	0.000537466	
93.6035	0.000493913	
93.6523	0.00050705	
93.7012	0.000548556	
93.75	0.000551557	
93.7988	0.000503704	
93.8477	0.000495614	
93.8965	0.000540795	
93.9453	0.00055728	
93.9941	0.000515425	
94.043	0.000490815	
94.0918	0.0005237	
94.1406	0.000555184	
94.1895	0.000531344	
94.2383	0.000493697	
94.2871	0.000509433	
94.3359	0.000549584	
94.3848	0.000540955	
94.4336	0.000499493	
94.4824	0.000497859	
94.5313	0.000539114	
94.5801	0.000548039	
94.6289	0.000516346	
94.6777	0.000489104	
94.7266	0.000525601	
94.7754	0.000553313	
94.8242	0.000522973	
94.873	0.000489941	
94.9219	0.000509135	
94.9707	0.000549425	
95.0195	0.000536905	
95.0684	0.000493367	
95.1172	0.000495051	
95.166	0.000541649	
95.2148	0.000545469	
95.2637	0.00050241	
95.3125	0.000487459	
95.3613	0.000528149	
95.4102	0.000548197	
95.459	0.000515159	
95.5078	0.000486169	
95.5566	0.000511052	
95.6055	0.000549182	
95.6543	0.000529618	
95.7031	0.000488494	
95.752	0.000498532	
95.8008	0.000539934	
95.8496	0.000537224	
95.8984	0.00049836	
95.9473	0.000488009	
95.9961	0.000528054	
96.0449	0.000542547	
96.0938	0.000509746	
96.1426	0.000485031	
96.1914	0.000512712	
96.2402	0.00054104	
96.2891	0.000517091	
96.3379	0.000489633	
96.3867	0.000498696	
96.4355	0.000538017	
96.4844	0.000528707	
96.5332	0.000488999	
96.582	0.000493249	
96.6309	0.000525378	
96.6797	0.000539346	
96.7285	0.000494705	
96.7773	0.00047425	
96.8262	0.000510521	
96.875	0.000401512	
96.9238	0.000587293	
96.9727	0.000497729	
97.0215	0.00048181	
97.0703	0.000538441	
97.1191	0.000539182	
97.168	0.000496193	
97.2168	0.000482604	
97.2656	0.000527829	
97.3145	0.000539265	
97.3633	0.000506662	
97.4121	0.000474812	
97.4609	0.000517871	
97.5098	0.000541913	
97.5586	0.000516151	
97.6074	0.000478178	
97.6563	0.000499715	
97.7051	0.000540099	
97.7539	0.000527321	
97.8027	0.000484167	
97.8516	0.000484685	
97.9004	0.000528416	
97.9492	0.000535469	
97.998	0.000494653	
98.0469	0.000479102	
98.0957	0.000513242	
98.1445	0.000538947	
98.1934	0.000507502	
98.2422	0.000475862	
98.291	0.000501816	
98.3398	0.00053594	
98.3887	0.000519464	
98.4375	0.000480119	
98.4863	0.000486153	
98.5352	0.000527721	
98.584	0.000530154	
98.6328	0.000489222	
98.6816	0.000479244	
98.7305	0.000513703	
98.7793	0.000533811	
98.8281	0.000503319	
98.877	0.000473254	
98.9258	0.000499387	
98.9746	0.000534213	
99.0234	0.000514323	
99.0723	0.000474016	
99.1211	0.000488177	
99.1699	0.000527054	
99.2188	0.00052507	
99.2676	0.000481707	
99.3164	0.000476971	
99.3652	0.00051546	
99.4141	0.000532453	
99.4629	0.000494278	
99.5117	0.000468384	
99.5605	0.000503694	
99.6094	0.000530903	
99.6582	0.000508055	
99.707	0.000469986	
99.7559	0.000489845	
99.8047	0.000524498	
99.8535	0.000518355	
99.9023	0.000477316	
99.9512	0.00047795	
100	0.000515304	
100.049	0.000524736	
100.098	0.000489979	
100.146	0.000470986	
100.195	0.000504183	
100.244	0.000526962	
100.293	0.00050252	
100.342	0.000468332	
100.391	0.000488649	
100.439	0.000523215	
100.488	0.000515317	
100.537	0.000475976	
100.586	0.000477241	
100.635	0.0005126	
100.684	0.000523113	
100.732	0.000480846	
100.781	0.000465266	
100.83	0.000503596	
100.879	0.000523248	
100.928	0.000496045	
100.977	0.000464804	
101.025	0.000486002	
101.074	0.000519604	
101.123	0.000505278	
101.172	0.000470958	
101.221	0.000474894	
101.27	0.000511757	
101.318	0.0005112	
101.367	0.000476531	
101.416	0.000464975	
101.465	0.000499963	
101.514	0.000511562	
101.563	0.000486985	
101.611	0.000469109	
101.66	0.000484689	
101.709	0.000520725	
101.758	0.000495943	
101.807	0.000471933	
101.855	0.000467246	
101.904	0.000498984	
101.953	0.00049873	
102.002	0.000497187	
102.051	0.000439737	
102.1	0.000439064	
102.148	0.000469634	
102.197	0.000583632	
102.246	0.000457166	
102.295	0.000825001	
102.344	0.000540206	
102.393	0.000471002	
102.441	0.00048094	
102.49	0.000530388	
102.539	0.000524817	
102.588	0.000517203	
102.637	0.000472588	
102.686	0.000474992	
102.734	0.000529245	
102.783	0.000519909	
102.832	0.000480624	
102.881	0.000454437	
102.93	0.000503122	
102.979	0.000522907	
103.027	0.000493361	
103.076	0.000456289	
103.125	0.000480655	
103.174	0.000528302	
103.223	0.000500553	
103.271	0.000465135	
103.32	0.000468828	
103.369	0.00051949	
103.418	0.000510781	
103.467	0.000473353	
103.516	0.000462861	
103.564	0.000504138	
103.613	0.000519329	
103.662	0.000483351	
103.711	0.000458739	
103.76	0.00048845	
103.809	0.000520688	
103.857	0.000494301	
103.906	0.000458731	
103.955	0.000473024	
104.004	0.000515625	
104.053	0.000505575	
104.102	0.000465107	
104.15	0.000463709	
104.199	0.000501567	
104.248	0.000512818	
104.297	0.000477404	
104.346	0.000454911	
104.395	0.000487014	
104.443	0.000514118	
104.492	0.00049177	
104.541	0.000454344	
104.59	0.000473483	
104.639	0.000508529	
104.688	0.000502622	
104.736	0.000463434	
104.785	0.000460249	
104.834	0.000500442	
104.883	0.000512197	
104.932	0.00047064	
104.98	0.000455699	
105.029	0.000485623	
105.078	0.000515048	
105.127	0.000483596	
105.176	0.000452621	
105.225	0.000474006	
105.273	0.00051085	
105.322	0.00049499	
105.371	0.000455306	
105.42	0.000464386	
105.469	0.000500092	
105.518	0.000506396	
105.566	0.000466986	
105.615	0.000454396	
105.664	0.000488129	
105.713	0.000508785	
105.762	0.000478819	
105.811	0.000450348	
105.859	0.000475224	
105.908	0.000504345	
105.957	0.000493109	
106.006	0.000452719	
106.055	0.000462442	
106.104	0.000499853	
106.152	0.000501065	
106.201	0.000461175	
106.25	0.000451442	
106.299	0.000490024	
106.348	0.000504444	
106.396	0.000474557	
106.445	0.000448216	
106.494	0.000477041	
106.543	0.000507062	
106.592	0.000488038	
106.641	0.00045135	
106.689	0.000464232	
106.738	0.000501047	
106.787	0.000497866	
106.836	0.000457027	
106.885	0.000449809	
106.934	0.000490981	
106.982	0.000502792	
107.031	0.000470021	
107.08	0.000444175	
107.129	0.000478889	
107.178	0.000502519	
107.227	0.000482523	
107.275	0.000448919	
107.324	0.000462839	
107.373	0.00050054	
107.422	0.000498649	
107.471	0.000461839	
107.52	0.00045705	
107.568	0.000486664	
107.617	0.000540703	
107.666	0.000359146	
107.715	0.000447959	
107.764	0.000491075	
107.813	0.000487334	
107.861	0.000461469	
107.91	0.000442039	
107.959	0.000466391	
108.008	0.000494745	
108.057	0.000480144	
108.105	0.00044258	
108.154	0.000454349	
108.203	0.000486782	
108.252	0.000492322	
108.301	0.00045572	
108.35	0.000445654	
108.398	0.000479598	
108.447	0.000494571	
108.496	0.000467915	
108.545	0.000439882	
108.594	0.000466221	
108.643	0.000493745	
108.691	0.000478887	
108.74	0.000443061	
108.789	0.000453026	
108.838	0.000488721	
108.887	0.000486961	
108.936	0.000449164	
108.984	0.000443595	
109.033	0.000481365	
109.082	0.000493109	
109.131	0.000462495	
109.18	0.00043909	
109.229	0.000466952	
109.277	0.000492687	
109.326	0.000473742	
109.375	0.000439795	
109.424	0.000454014	
109.473	0.000491593	
109.521	0.000483369	
109.57	0.000445709	
109.619	0.000444373	
109.668	0.000482961	
109.717	0.000489206	
109.766	0.000455848	
109.814	0.000438121	
109.863	0.000471639	
109.912	0.000491383	
109.961	0.000465695	
110.01	0.00043874	
110.059	0.000456387	
110.107	0.000488504	
110.156	0.000476221	
110.205	0.000444588	
110.254	0.000443909	
110.303	0.000481416	
110.352	0.000483612	
110.4	0.000450339	
110.449	0.000438612	
110.498	0.000469665	
110.547	0.000490617	
110.596	0.000459284	
110.645	0.000436656	
110.693	0.000455462	
110.742	0.000488471	
110.791	0.000471684	
110.84	0.000436761	
110.889	0.000444827	
110.938	0.000482416	
110.986	0.000481737	
111.035	0.000444842	
111.084	0.000436265	
111.133	0.000471507	
111.182	0.000485171	
111.23	0.000456089	
111.279	0.00043306	
111.328	0.000457201	
111.377	0.000487146	
111.426	0.000466567	
111.475	0.000436007	
111.523	0.00044757	
111.572	0.000478074	
111.621	0.000477196	
111.67	0.000440745	
111.719	0.000434895	
111.768	0.000472685	
111.816	0.000482995	
111.865	0.0004476	
111.914	0.000428457	
111.963	0.000459923	
112.012	0.000483853	
112.061	0.00046069	
112.109	0.000426623	
112.158	0.000443556	
112.207	0.000477689	
112.256	0.000475858	
112.305	0.000426409	
112.354	0.000426734	
112.402	0.000474068	
112.451	0.000479991	
112.5	0.000442851	
112.549	0.000421386	
112.598	0.000463	
112.646	0.000484617	
112.695	0.000451288	
112.744	0.000403821	
112.793	0.000463925	
112.842	0.000482087	
112.891	0.000429189	
112.939	0.000335979	
112.988	0.000443259	
113.037	0.000471323	
113.086	0.000567939	
113.135	0.000475005	
113.184	0.000436887	
113.232	0.000464478	
113.281	0.000504837	
113.33	0.00045752	
113.379	0.000443086	
113.428	0.00046259	
113.477	0.000477276	
113.525	0.000474341	
113.574	0.00044521	
113.623	0.000450943	
113.672	0.00046851	
113.721	0.00047509	
113.77	0.000444301	
113.818	0.000441133	
113.867	0.000465131	
113.916	0.000473114	
113.965	0.000457297	
114.014	0.000433243	
114.063	0.000455431	
114.111	0.000473853	
114.16	0.000462424	
114.209	0.000433326	
114.258	0.000444344	
114.307	0.000473474	
114.355	0.00047019	
114.404	0.000440371	
114.453	0.000435423	
114.502	0.000463636	
114.551	0.000474039	
114.6	0.000451029	
114.648	0.000428072	
114.697	0.000455178	
114.746	0.000476268	
114.795	0.000458666	
114.844	0.000431103	
114.893	0.000443675	
114.941	0.000472251	
114.99	0.000466358	
115.039	0.000434236	
115.088	0.000435018	
115.137	0.000466504	
115.186	0.000470071	
115.234	0.000441824	
115.283	0.000427894	
115.332	0.000455395	
115.381	0.000472346	
115.43	0.000452408	
115.479	0.000425835	
115.527	0.000445478	
115.576	0.00047192	
115.625	0.000460987	
115.674	0.000432076	
115.723	0.00043406	
115.771	0.000465948	
115.82	0.000466813	
115.869	0.000438183	
115.918	0.000426915	
115.967	0.000456729	
116.016	0.000470202	
116.064	0.000447158	
116.113	0.000424698	
116.162	0.000443775	
116.211	0.000472161	
116.26	0.000456905	
116.309	0.000428802	
116.357	0.000435239	
116.406	0.00046476	
116.455	0.000465861	
116.504	0.000434648	
116.553	0.000427116	
116.602	0.000457743	
116.65	0.000467797	
116.699	0.000442744	
116.748	0.000423692	
116.797	0.000446981	
116.846	0.000468701	
116.895	0.00045184	
116.943	0.000424778	
116.992	0.000433615	
117.041	0.000465641	
117.09	0.000461507	
117.139	0.000429242	
117.188	0.000426978	
117.236	0.000457905	
117.285	0.000466567	
117.334	0.0004376	
117.383	0.000422506	
117.432	0.000447515	
117.48	0.000468493	
117.529	0.000449418	
117.578	0.000421744	
117.627	0.000438796	
117.676	0.000466994	
117.725	0.000457822	
117.773	0.000427658	
117.822	0.000428866	
117.871	0.000458451	
117.92	0.000463604	
117.969	0.000433794	
118.018	0.000420982	
118.066	0.000451801	
118.115	0.000466586	
118.164	0.000440717	
118.213	0.000422023	
118.262	0.000448884	
118.311	0.000481988	
118.359	0.000443673	
118.408	0.00047362	
118.457	0.000386804	
118.506	0.000445562	
118.555	0.000464651	
118.604	0.000426469	
118.652	0.000412638	
118.701	0.000445438	
118.75	0.00046061	
118.799	0.000437054	
118.848	0.000416169	
118.896	0.000433139	
118.945	0.000460857	
118.994	0.000445852	
119.043	0.000421961	
119.092	0.000427453	
119.141	0.000455641	
119.189	0.000455102	
119.238	0.00042431	
119.287	0.000421051	
119.336	0.000447066	
119.385	0.000460027	
119.434	0.000432934	
119.482	0.000418428	
119.531	0.000436283	
119.58	0.000459216	
119.629	0.000444633	
119.678	0.000419303	
119.727	0.000425014	
119.775	0.000455597	
119.824	0.000452183	
119.873	0.000423964	
119.922	0.000418246	
119.971	0.000452126	
120.02	0.000447045	
120.068	0.000426579	
120.117	0.000415879	
120.166	0.000438169	
120.215	0.000458192	
120.264	0.00043801	
120.313	0.000415893	
120.361	0.00042882	
120.41	0.000454725	
120.459	0.000447101	
120.508	0.000418564	
120.557	0.000420851	
120.605	0.000448316	
120.654	0.000454126	
120.703	0.000424592	
120.752	0.000412736	
120.801	0.000441554	
120.85	0.00045625	
120.898	0.000434092	
120.947	0.000413934	
120.996	0.00043236	
121.045	0.000453342	
121.094	0.000445176	
121.143	0.00041538	
121.191	0.000421137	
121.24	0.000449384	
121.289	0.000451483	
121.338	0.000421715	
121.387	0.000415671	
121.436	0.000440647	
121.484	0.000453209	
121.533	0.00043302	
121.582	0.0004106	
121.631	0.000431311	
121.68	0.000452431	
121.729	0.000441091	
121.777	0.000413662	
121.826	0.000420225	
121.875	0.000449621	
121.924	0.000445137	
121.973	0.000419745	
122.021	0.000413269	
122.07	0.000441911	
122.119	0.00044962	
122.168	0.000430497	
122.217	0.000409661	
122.266	0.000433225	
122.314	0.000452692	
122.363	0.000432899	
122.412	0.000412391	
122.461	0.000424086	
122.51	0.000447774	
122.559	0.000443159	
122.607	0.00041749	
122.656	0.000416364	
122.705	0.000441411	
122.754	0.000447971	
122.803	0.000423043	
122.852	0.000413164	
122.9	0.000434748	
122.949	0.00044564	
122.998	0.000432537	
123.047	0.000416113	
123.096	0.000421524	
123.145	0.000442571	
123.193	0.00043767	
123.242	0.000414496	
123.291	0.000418156	
123.34	0.000439935	
123.389	0.000442227	
123.438	0.000423299	
123.486	0.000422883	
123.535	0.000418592	
123.584	0.000454854	
123.633	0.000442455	
123.682	0.000423503	
123.73	0.000372746	
123.779	0.000411011	
123.828	0.000425673	
123.877	0.000420678	
123.926	0.000410064	
123.975	0.000440725	
124.023	0.000436268	
124.072	0.000421413	
124.121	0.000400052	
124.17	0.000434787	
124.219	0.000452034	
124.268	0.000421288	
124.316	0.00040519	
124.365	0.000431542	
124.414	0.00045305	
124.463	0.000434315	
124.512	0.000406188	
124.561	0.000414398	
124.609	0.000448889	
124.658	0.000443141	
124.707	0.000408969	
124.756	0.000413715	
124.805	0.000436594	
124.854	0.000446434	
124.902	0.000454239	
124.951	0.000384835	
125	0.0004224	
125.049	0.000449357	
125.098	0.000427245	
125.146	0.000400968	
125.195	0.00041492	
125.244	0.000445091	
125.293	0.000437265	
125.342	0.000403739	
125.391	0.00040958	
125.439	0.000434401	
125.488	0.000443569	
125.537	0.000416341	
125.586	0.00040125	
125.635	0.00042682	
125.684	0.00044519	
125.732	0.000424483	
125.781	0.000400762	
125.83	0.000417111	
125.879	0.000445053	
125.928	0.000433751	
125.977	0.000404167	
126.025	0.000409393	
126.074	0.000437904	
126.123	0.000441821	
126.172	0.000410359	
126.221	0.000402026	
126.27	0.000429615	
126.318	0.000444161	
126.367	0.000420396	
126.416	0.000400242	
126.465	0.000419768	
126.514	0.00044333	
126.563	0.000428623	
126.611	0.000403346	
126.66	0.000409322	
126.709	0.000437623	
126.758	0.000439919	
126.807	0.000407498	
126.855	0.000402853	
126.904	0.000428742	
126.953	0.000439315	
127.002	0.000417407	
127.051	0.000400523	
127.1	0.000421219	
127.148	0.000443407	
127.197	0.000426928	
127.246	0.000399968	
127.295	0.000411533	
127.344	0.000438979	
127.393	0.000434178	
127.441	0.000406353	
127.49	0.000400944	
127.539	0.000432134	
127.588	0.00043945	
127.637	0.000413797	
127.686	0.000397883	
127.734	0.000422482	
127.783	0.000439893	
127.832	0.000422275	
127.881	0.000399756	
127.93	0.000411461	
127.979	0.000438789	
128.027	0.000429935	
128.076	0.000401342	
128.125	0.000403816	
128.174	0.000429987	
128.223	0.000435576	
128.271	0.000409079	
128.32	0.000398384	
128.369	0.000423241	
128.418	0.000438441	
128.467	0.000417529	
128.516	0.000398443	
128.564	0.000412311	
128.613	0.000437454	
128.662	0.000427342	
128.711	0.00040144	
128.76	0.000404326	
128.809	0.000430665	
128.857	0.000434146	
128.906	0.000411143	
128.955	0.000393756	
129.004	0.000418272	
129.053	0.000437151	
129.102	0.000431685	
129.15	0.000393214	
129.199	0.000447782	
129.248	0.000430916	
129.297	0.000418401	
129.346	0.000398768	
129.395	0.000408559	
129.443	0.000431498	
129.492	0.000431459	
129.541	0.000401355	
129.59	0.000397468	
129.639	0.000427687	
129.688	0.000434073	
129.736	0.000409952	
129.785	0.000391811	
129.834	0.000417814	
129.883	0.000435205	
129.932	0.000418593	
129.98	0.000394014	
130.029	0.000405574	
130.078	0.000434986	
130.127	0.000424944	
130.176	0.000398279	
130.225	0.000399296	
130.273	0.000426291	
130.322	0.000431954	
130.371	0.000408348	
130.42	0.00039416	
130.469	0.000417159	
130.518	0.000434204	
130.566	0.000415661	
130.615	0.000392938	
130.664	0.000406797	
130.713	0.000431868	
130.762	0.000423945	
130.811	0.000396566	
130.859	0.000397951	
130.908	0.000428141	
130.957	0.000428651	
131.006	0.000403831	
131.055	0.00039114	
131.104	0.000418482	
131.152	0.000434186	
131.201	0.000412	
131.25	0.000389998	
131.299	0.000408241	
131.348	0.000433258	
131.396	0.000420177	
131.445	0.000395176	
131.494	0.000399399	
131.543	0.000428355	
131.592	0.000426533	
131.641	0.000399931	
131.689	0.000394157	
131.738	0.000419803	
131.787	0.000431131	
131.836	0.000407203	
131.885	0.000391133	
131.934	0.000410913	
131.982	0.000431904	
132.031	0.000418114	
132.08	0.000391149	
132.129	0.000402479	
132.178	0.000426389	
132.227	0.000424271	
132.275	0.000395618	
132.324	0.000396124	
132.373	0.00041966	
132.422	0.000428836	
132.471	0.000404993	
132.52	0.000389794	
132.568	0.000412683	
132.617	0.000430896	
132.666	0.000412686	
132.715	0.000389813	
132.764	0.000402665	
132.813	0.000426226	
132.861	0.000421487	
132.91	0.000393505	
132.959	0.000394416	
133.008	0.000422295	
133.057	0.000427196	
133.105	0.000401035	
133.154	0.000388436	
133.203	0.000414582	
133.252	0.00042804	
133.301	0.000412595	
133.35	0.000388997	
133.398	0.000403616	
133.447	0.000428972	
133.496	0.00041982	
133.545	0.000391313	
133.594	0.000396364	
133.643	0.000423483	
133.691	0.000429096	
133.74	0.000396753	
133.789	0.000388066	
133.838	0.000418571	
133.887	0.000430918	
133.936	0.000405085	
133.984	0.000384269	
134.033	0.000405387	
134.082	0.000430235	
134.131	0.000417635	
134.18	0.000387782	
134.229	0.000395005	
134.277	0.000436114	
134.326	0.000420812	
134.375	0.000399791	
134.424	0.000401941	
134.473	0.000447215	
134.521	0.000445421	
134.57	0.000353135	
134.619	0.000371688	
134.668	0.000407842	
134.717	0.000412993	
134.766	0.00040267	
134.814	0.000379671	
134.863	0.00039926	
134.912	0.000417404	
134.961	0.000409961	
135.01	0.000390262	
135.059	0.000387909	
135.107	0.000410397	
135.156	0.000418627	
135.205	0.000399331	
135.254	0.000386268	
135.303	0.00040542	
135.352	0.000419338	
135.4	0.000408004	
135.449	0.000384836	
135.498	0.000396302	
135.547	0.000418789	
135.596	0.000412465	
135.645	0.000388834	
135.693	0.00038856	
135.742	0.000415908	
135.791	0.000415602	
135.84	0.000395052	
135.889	0.000384593	
135.938	0.000406201	
135.986	0.000417867	
136.035	0.000402142	
136.084	0.000383942	
136.133	0.000396704	
136.182	0.000420163	
136.23	0.000409415	
136.279	0.000384956	
136.328	0.000390858	
136.377	0.000417359	
136.426	0.000415439	
136.475	0.000391844	
136.523	0.000386502	
136.572	0.000408272	
136.621	0.000419599	
136.67	0.000397476	
136.719	0.000383507	
136.768	0.000399515	
136.816	0.000419393	
136.865	0.00040657	
136.914	0.000385557	
136.963	0.000389987	
137.012	0.000414532	
137.061	0.000414395	
137.109	0.000389367	
137.158	0.000384994	
137.207	0.00040803	
137.256	0.000419165	
137.305	0.000396364	
137.354	0.000383716	
137.402	0.000399747	
137.451	0.000418171	
137.5	0.000404868	
137.549	0.000382601	
137.598	0.000392285	
137.646	0.000415075	
137.695	0.000411344	
137.744	0.00038622	
137.793	0.000384625	
137.842	0.000410962	
137.891	0.000415554	
137.939	0.00039238	
137.988	0.000382395	
138.037	0.000402952	
138.086	0.000416097	
138.135	0.00040141	
138.184	0.000379895	
138.232	0.000393851	
138.281	0.000416015	
138.33	0.000408772	
138.379	0.000384262	
138.428	0.000387191	
138.477	0.000409905	
138.525	0.000414362	
138.574	0.000390786	
138.623	0.00038082	
138.672	0.000402412	
138.721	0.000415903	
138.77	0.000397489	
138.818	0.000379069	
138.867	0.000394936	
138.916	0.000415101	
138.965	0.000405867	
139.014	0.000380635	
139.063	0.000386405	
139.111	0.000411017	
139.16	0.000411773	
139.209	0.000386628	
139.258	0.000380379	
139.307	0.000406432	
139.355	0.000414851	
139.404	0.000394159	
139.453	0.000378044	
139.502	0.000397428	
139.551	0.00041484	
139.6	0.000401584	
139.648	0.00037575	
139.697	0.00039093	
139.746	0.000410442	
139.795	0.000403813	
139.844	0.000376028	
139.893	0.000386335	
139.941	0.000407566	
139.99	0.000425354	
140.039	0.000394209	
140.088	0.000378918	
140.137	0.000399632	
140.186	0.000417501	
140.234	0.000398463	
140.283	0.000382011	
140.332	0.000390751	
140.381	0.000411519	
140.43	0.00040702	
140.479	0.000382679	
140.527	0.000382784	
140.576	0.000404711	
140.625	0.000411082	
140.674	0.000389115	
140.723	0.000379688	
140.771	0.000397604	
140.82	0.000412868	
140.869	0.000396662	
140.918	0.000377504	
140.967	0.000393337	
141.016	0.000411264	
141.064	0.000403684	
141.113	0.000381153	
141.162	0.000382774	
141.211	0.00040608	
141.26	0.000409889	
141.309	0.000386791	
141.357	0.000377914	
141.406	0.000400172	
141.455	0.000411371	
141.504	0.00039237	
141.553	0.000375609	
141.602	0.00039254	
141.65	0.000411721	
141.699	0.000399716	
141.748	0.000377728	
141.797	0.000383011	
141.846	0.000408343	
141.895	0.000406375	
141.943	0.000383513	
141.992	0.000378109	
142.041	0.000400552	
142.09	0.000410071	
142.139	0.000390149	
142.188	0.000376004	
142.236	0.000393928	
142.285	0.00041008	
142.334	0.000396932	
142.383	0.000377139	
142.432	0.000384911	
142.48	0.000407938	
142.529	0.000404541	
142.578	0.000380764	
142.627	0.000379251	
142.676	0.000401848	
142.725	0.000408195	
142.773	0.000386513	
142.822	0.000376976	
142.871	0.000394392	
142.92	0.00040912	
142.969	0.000394653	
143.018	0.000374774	
143.066	0.000385012	
143.115	0.000408162	
143.164	0.00040304	
143.213	0.000377776	
143.262	0.000379317	
143.311	0.00040291	
143.359	0.000406348	
143.408	0.000385295	
143.457	0.000373885	
143.506	0.000397068	
143.555	0.000408733	
143.604	0.000390431	
143.652	0.000375262	
143.701	0.000387351	
143.75	0.000407054	
143.799	0.000397199	
143.848	0.000375436	
143.896	0.00038082	
143.945	0.000402283	
143.994	0.000405325	
144.043	0.000381385	
144.092	0.00037718	
144.141	0.000395885	
144.189	0.000407407	
144.238	0.000389468	
144.287	0.000373424	
144.336	0.000388367	
144.385	0.000405786	
144.434	0.000395317	
144.482	0.000374942	
144.531	0.00038184	
144.58	0.000403148	
144.629	0.000402689	
144.678	0.00038245	
144.727	0.000378176	
144.775	0.000395556	
144.824	0.000404079	
144.873	0.000387653	
144.922	0.000376551	
144.971	0.00039014	
145.02	0.000401977	
145.068	0.000395827	
145.117	0.000375087	
145.166	0.000384698	
145.215	0.000407072	
145.264	0.000409815	
145.313	0.000427119	
145.361	0.000358184	
145.41	0.000387786	
145.459	0.000412391	
145.508	0.000380026	
145.557	0.000369285	
145.605	0.000386424	
145.654	0.000405632	
145.703	0.000388933	
145.752	0.000367467	
145.801	0.000379948	
145.85	0.000404797	
145.898	0.000393503	
145.947	0.000373013	
145.996	0.000374812	
146.045	0.000399412	
146.094	0.000399342	
146.143	0.000378747	
146.191	0.000370609	
146.24	0.000392822	
146.289	0.000404628	
146.338	0.000384295	
146.387	0.000370437	
146.436	0.000383832	
146.484	0.000401994	
146.533	0.000395222	
146.582	0.000370038	
146.631	0.000375289	
146.68	0.000398155	
146.729	0.000399271	
146.777	0.000376437	
146.826	0.000370946	
146.875	0.00039319	
146.924	0.000400882	
146.973	0.000384872	
147.021	0.000368631	
147.07	0.000382851	
147.119	0.000404936	
147.168	0.000389737	
147.217	0.000369182	
147.266	0.000376649	
147.314	0.000397957	
147.363	0.000397128	
147.412	0.000373469	
147.461	0.000371743	
147.51	0.000393703	
147.559	0.000401983	
147.607	0.00038166	
147.656	0.000367055	
147.705	0.000387394	
147.754	0.000401709	
147.803	0.000387822	
147.852	0.000367796	
147.9	0.000377889	
147.949	0.000398616	
147.998	0.000393063	
148.047	0.000373193	
148.096	0.000373582	
148.145	0.0003956	
148.193	0.000398166	
148.242	0.000379936	
148.291	0.000368529	
148.34	0.0003867	
148.389	0.000399466	
148.438	0.000385936	
148.486	0.000368158	
148.535	0.000379687	
148.584	0.000400022	
148.633	0.000390747	
148.682	0.00037095	
148.73	0.000370532	
148.779	0.000395172	
148.828	0.000396552	
148.877	0.000374614	
148.926	0.000368119	
148.975	0.000387348	
149.023	0.000400384	
149.072	0.000382004	
149.121	0.00036623	
149.17	0.000381717	
149.219	0.00040016	
149.268	0.000389719	
149.316	0.000368732	
149.365	0.000372359	
149.414	0.000395192	
149.463	0.000394819	
149.512	0.000372554	
149.561	0.000368905	
149.609	0.000388046	
149.658	0.000398069	
149.707	0.000380552	
149.756	0.000366318	
149.805	0.000383315	
149.854	0.000397679	
149.902	0.000385439	
149.951	0.000367543	
150	0.000374224	
150.049	0.000393671	
150.098	0.000392248	
150.146	0.000373241	
150.195	0.000369246	
150.244	0.000389045	
150.293	0.000397381	
150.342	0.00037714	
150.391	0.000366282	
150.439	0.000380768	
150.488	0.0003987	
150.537	0.000384952	
150.586	0.000365221	
150.635	0.000368365	
150.684	0.000390057	
150.732	0.000393886	
150.781	0.000371032	
150.83	0.00036807	
150.879	0.000391962	
150.928	0.000396706	
150.977	0.000375042	
151.025	0.000364554	
151.074	0.000385774	
151.123	0.00039878	
151.172	0.000381096	
151.221	0.000364011	
151.27	0.000375928	
151.318	0.000397291	
151.367	0.000389805	
151.416	0.000367195	
151.465	0.000368615	
151.514	0.000393484	
151.563	0.000395005	
151.611	0.000369911	
151.66	0.000365349	
151.709	0.000386399	
151.758	0.000396798	
151.807	0.000378211	
151.855	0.000363514	
151.904	0.000378225	
151.953	0.000396404	
152.002	0.000383328	
152.051	0.0003649	
152.1	0.000369896	
152.148	0.000393896	
152.197	0.000392825	
152.246	0.00036919	
152.295	0.000366117	
152.344	0.000386408	
152.393	0.000395553	
152.441	0.000373989	
152.49	0.00036251	
152.539	0.000379709	
152.588	0.00039522	
152.637	0.000381677	
152.686	0.000364954	
152.734	0.000371042	
152.783	0.000394722	
152.832	0.000389582	
152.881	0.000367432	
152.93	0.000366365	
152.979	0.000385932	
153.027	0.000392677	
153.076	0.000373294	
153.125	0.00036183	
153.174	0.000379769	
153.223	0.00039559	
153.271	0.000379315	
153.32	0.000361541	
153.369	0.0003739	
153.418	0.000394227	
153.467	0.00038635	
153.516	0.000366607	
153.564	0.000365005	
153.613	0.00038796	
153.662	0.000391355	
153.711	0.000370709	
153.76	0.000361521	
153.809	0.000381615	
153.857	0.000392889	
153.906	0.000378225	
153.955	0.000360948	
154.004	0.000374973	
154.053	0.000392967	
154.102	0.000383741	
154.15	0.000363141	
154.199	0.00036661	
154.248	0.000389324	
154.297	0.000389496	
154.346	0.000366932	
154.395	0.000362866	
154.443	0.000381753	
154.492	0.000393244	
154.541	0.000375302	
154.59	0.000360477	
154.639	0.000376723	
154.688	0.000391577	
154.736	0.000381318	
154.785	0.000363015	
154.834	0.000367755	
154.883	0.000389102	
154.932	0.000387616	
154.98	0.000366615	
155.029	0.000361625	
155.078	0.000383376	
155.127	0.000390962	
155.176	0.000371711	
155.225	0.000358419	
155.273	0.000376661	
155.322	0.000392834	
155.371	0.000378004	
155.42	0.000359742	
155.469	0.000369376	
155.518	0.000390159	
155.566	0.00038589	
155.615	0.000365668	
155.664	0.000361761	
155.713	0.000384462	
155.762	0.000390428	
155.811	0.000369471	
155.859	0.000356182	
155.908	0.000376182	
155.957	0.000389902	
156.006	0.000380034	
156.055	0.000348213	
156.104	0.000406559	
156.152	0.000386852	
156.201	0.000375956	
156.25	0.000367637	
156.299	0.000369326	
156.348	0.000386612	
156.396	0.000387911	
156.445	0.000368282	
156.494	0.000361464	
156.543	0.000379495	
156.592	0.000390026	
156.641	0.000374651	
156.689	0.000358716	
156.738	0.000370951	
156.787	0.000390238	
156.836	0.000378875	
156.885	0.000362408	
156.934	0.000364186	
156.982	0.000387298	
157.031	0.000386513	
157.08	0.000364507	
157.129	0.000361037	
157.178	0.000380227	
157.227	0.000389608	
157.275	0.000370883	
157.324	0.000357624	
157.373	0.000373818	
157.422	0.00039012	
157.471	0.000377409	
157.52	0.000358688	
157.568	0.000366009	
157.617	0.000387679	
157.666	0.000383349	
157.715	0.000365046	
157.764	0.000360825	
157.813	0.000383301	
157.861	0.000387808	
157.91	0.000368901	
157.959	0.000357859	
158.008	0.000375379	
158.057	0.000388396	
158.105	0.000376015	
158.154	0.000357641	
158.203	0.00036789	
158.252	0.000384856	
158.301	0.000381106	
158.35	0.000360654	
158.398	0.000362292	
158.447	0.000382766	
158.496	0.00038582	
158.545	0.000366286	
158.594	0.000357614	
158.643	0.000375063	
158.691	0.000388362	
158.74	0.000373849	
158.789	0.000355118	
158.838	0.000369273	
158.887	0.000385889	
158.936	0.000381086	
158.984	0.000358658	
159.033	0.000362936	
159.082	0.000384155	
159.131	0.000384989	
159.18	0.00036341	
159.229	0.000358348	
159.277	0.000376698	
159.326	0.000386671	
159.375	0.000372406	
159.424	0.000357534	
159.473	0.000370405	
159.521	0.000385321	
159.57	0.00037736	
159.619	0.000357441	
159.668	0.000362728	
159.717	0.000383442	
159.766	0.000382211	
159.814	0.000360816	
159.863	0.00035724	
159.912	0.000379125	
159.961	0.000387278	
160.01	0.000367961	
160.059	0.00035623	
160.107	0.000372265	
160.156	0.000387535	
160.205	0.000375396	
160.254	0.000355875	
160.303	0.000366379	
160.352	0.000383654	
160.4	0.000380958	
160.449	0.000360965	
160.498	0.000359197	
160.547	0.000378215	
160.596	0.000385805	
160.645	0.000365432	
160.693	0.000356236	
160.742	0.00037307	
160.791	0.000386022	
160.84	0.000373478	
160.889	0.00035438	
160.938	0.000367623	
160.986	0.000385701	
161.035	0.000379488	
161.084	0.000357631	
161.133	0.000359327	
161.182	0.000380265	
161.23	0.00038399	
161.279	0.000362974	
161.328	0.000356307	
161.377	0.000376096	
161.426	0.000384843	
161.475	0.000361769	
161.523	0.000355206	
161.572	0.000368534	
161.621	0.000382478	
161.67	0.000375812	
161.719	0.000355849	
161.768	0.000359831	
161.816	0.000379308	
161.865	0.000381335	
161.914	0.000361445	
161.963	0.000355141	
162.012	0.000375335	
162.061	0.000383177	
162.109	0.000366511	
162.158	0.000354159	
162.207	0.000367456	
162.256	0.00038249	
162.305	0.000373571	
162.354	0.000354773	
162.402	0.000361126	
162.451	0.000380001	
162.5	0.000380378	
162.549	0.000359745	
162.598	0.000357131	
162.646	0.00037639	
162.695	0.00038219	
162.744	0.000364912	
162.793	0.000353847	
162.842	0.000369931	
162.891	0.000382751	
162.939	0.000372272	
162.988	0.000354143	
163.037	0.000361353	
163.086	0.000382007	
163.135	0.000377324	
163.184	0.000357548	
163.232	0.000356306	
163.281	0.000378119	
163.33	0.000380765	
163.379	0.000362696	
163.428	0.0003527	
163.477	0.000369857	
163.525	0.000382873	
163.574	0.000370343	
163.623	0.000353149	
163.672	0.000363571	
163.721	0.000381396	
163.77	0.000375812	
163.818	0.000355386	
163.867	0.000357648	
163.916	0.000377945	
163.965	0.000379706	
164.014	0.000361304	
164.063	0.000353536	
164.111	0.000372038	
164.16	0.000382665	
164.209	0.000367184	
164.258	0.000351597	
164.307	0.000365704	
164.355	0.000381127	
164.404	0.000372701	
164.453	0.000354272	
164.502	0.000357558	
164.551	0.000379146	
164.6	0.000377685	
164.648	0.000357826	
164.697	0.000353169	
164.746	0.000373808	
164.795	0.000381164	
164.844	0.000364037	
164.893	0.000350265	
164.941	0.00036795	
164.99	0.000381539	
165.039	0.000371042	
165.088	0.000352142	
165.137	0.000359849	
165.186	0.000379007	
165.234	0.000377299	
165.283	0.000356043	
165.332	0.000354845	
165.381	0.000374055	
165.43	0.000377415	
165.479	0.000364336	
165.527	0.000350393	
165.576	0.000367335	
165.625	0.000381125	
165.674	0.000368905	
165.723	0.000351526	
165.771	0.000360782	
165.82	0.000379901	
165.869	0.000374778	
165.918	0.000355192	
165.967	0.000356996	
166.016	0.000373971	
166.064	0.000378901	
166.113	0.000360575	
166.162	0.000350608	
166.211	0.000368441	
166.26	0.000379846	
166.309	0.00036579	
166.357	0.000350913	
166.406	0.000362399	
166.455	0.000379324	
166.504	0.000371899	
166.553	0.000353406	
166.602	0.000356764	
166.65	0.000374256	
166.699	0.000374722	
166.748	0.00035234	
166.797	0.000354901	
166.846	0.000355055	
166.895	0.000392037	
166.943	0.000367172	
166.992	0.000348928	
167.041	0.000365139	
167.09	0.000381542	
167.139	0.00037342	
167.188	0.00035164	
167.236	0.000357943	
167.285	0.000377793	
167.334	0.000377243	
167.383	0.000356057	
167.432	0.000353517	
167.48	0.000370768	
167.529	0.000379784	
167.578	0.000363741	
167.627	0.000350333	
167.676	0.000364879	
167.725	0.000380891	
167.773	0.000369094	
167.822	0.000350649	
167.871	0.000357446	
167.92	0.000376409	
167.969	0.000375464	
168.018	0.000354731	
168.066	0.00035138	
168.115	0.000372597	
168.164	0.000379624	
168.213	0.000358989	
168.262	0.000351029	
168.311	0.000365439	
168.359	0.000376769	
168.408	0.000368142	
168.457	0.0003498	
168.506	0.000358588	
168.555	0.000378624	
168.604	0.000372684	
168.652	0.000352295	
168.701	0.000354089	
168.75	0.00037442	
168.799	0.000377372	
168.848	0.000356658	
168.896	0.000350503	
168.945	0.000368858	
168.994	0.000377399	
169.043	0.000365488	
169.092	0.00034907	
169.141	0.000360863	
169.189	0.000378786	
169.238	0.000370839	
169.287	0.000351039	
169.336	0.00035638	
169.385	0.000374846	
169.434	0.000374047	
169.482	0.000356519	
169.531	0.000350785	
169.58	0.000368224	
169.629	0.000379247	
169.678	0.000362248	
169.727	0.000348068	
169.775	0.000360681	
169.824	0.000379471	
169.873	0.000369182	
169.922	0.000348161	
169.971	0.000356891	
170.02	0.000375041	
170.068	0.000373352	
170.117	0.00035326	
170.166	0.000351727	
170.215	0.000369982	
170.264	0.000375825	
170.313	0.00035922	
170.361	0.000350455	
170.41	0.000364462	
170.459	0.00037887	
170.508	0.00036647	
170.557	0.000348578	
170.605	0.000356913	
170.654	0.000374603	
170.703	0.000370526	
170.752	0.000351406	
170.801	0.000350975	
170.85	0.000372017	
170.898	0.000376162	
170.947	0.000357316	
170.996	0.000350533	
171.045	0.00036626	
171.094	0.000375782	
171.143	0.000363373	
171.191	0.000348338	
171.24	0.000357195	
171.289	0.000376103	
171.338	0.000371013	
171.387	0.000350952	
171.436	0.000351997	
171.484	0.000371071	
171.533	0.000374113	
171.582	0.000357187	
171.631	0.000349266	
171.68	0.000367169	
171.729	0.000376571	
171.777	0.000361093	
171.826	0.000346776	
171.875	0.000360558	
171.924	0.000375486	
171.973	0.000367195	
172.021	0.000350534	
172.07	0.000354239	
172.119	0.000372806	
172.168	0.000374176	
172.217	0.00035725	
172.266	0.000345846	
172.314	0.000367084	
172.363	0.000377776	
172.412	0.000358505	
172.461	0.000346359	
172.51	0.000360817	
172.559	0.000376718	
172.607	0.000364144	
172.656	0.000345951	
172.705	0.000354702	
172.754	0.00037233	
172.803	0.00037049	
172.852	0.000351195	
172.9	0.000351601	
172.949	0.000367661	
172.998	0.000375175	
173.047	0.000358678	
173.096	0.000346514	
173.145	0.000362106	
173.193	0.00037692	
173.242	0.000363513	
173.291	0.000345732	
173.34	0.000356015	
173.389	0.000372882	
173.438	0.000369404	
173.486	0.00035118	
173.535	0.000348752	
173.584	0.00036908	
173.633	0.000375207	
173.682	0.000355782	
173.73	0.000347051	
173.779	0.000361894	
173.828	0.000375817	
173.877	0.000363095	
173.926	0.000344525	
173.975	0.000358316	
174.023	0.000373518	
174.072	0.000368073	
174.121	0.000349335	
174.17	0.000350196	
174.219	0.000370266	
174.268	0.00037257	
174.316	0.000353647	
174.365	0.000346635	
174.414	0.00036442	
174.463	0.000374337	
174.512	0.000360207	
174.561	0.000344945	
174.609	0.000360067	
174.658	0.000374227	
174.707	0.000364551	
174.756	0.000348604	
174.805	0.000352132	
174.854	0.000372209	
174.902	0.000371214	
174.951	0.000350959	
175	0.000348195	
175.049	0.000367319	
175.098	0.000374805	
175.146	0.000356949	
175.195	0.000346536	
175.244	0.0003579	
175.293	0.000373969	
175.342	0.000364092	
175.391	0.000347254	
175.439	0.000352658	
175.488	0.000372426	
175.537	0.000369855	
175.586	0.0003504	
175.635	0.000347944	
175.684	0.000368353	
175.732	0.000371804	
175.781	0.000355429	
175.83	0.000345019	
175.879	0.00036098	
175.928	0.000374433	
175.977	0.00035988	
176.025	0.000345535	
176.074	0.000355224	
176.123	0.000372274	
176.172	0.000368291	
176.221	0.000346915	
176.27	0.000349722	
176.318	0.000368565	
176.367	0.000372328	
176.416	0.000352788	
176.465	0.000346798	
176.514	0.000361445	
176.563	0.000372844	
176.611	0.000359581	
176.66	0.000343807	
176.709	0.000356322	
176.758	0.000373997	
176.807	0.000363797	
176.855	0.000345302	
176.904	0.000350556	
176.953	0.000367951	
177.002	0.000369103	
177.051	0.000352534	
177.1	0.000346947	
177.148	0.000363109	
177.197	0.000374014	
177.246	0.00035721	
177.295	0.000343876	
177.344	0.000357991	
177.393	0.000371741	
177.441	0.000365344	
177.49	0.000345493	
177.539	0.000347714	
177.588	0.000373101	
177.637	0.000362641	
177.686	0.000350698	
177.734	0.000348268	
177.783	0.000363467	
177.832	0.000372623	
177.881	0.000355881	
177.93	0.000344239	
177.979	0.000360155	
178.027	0.000372208	
178.076	0.000359926	
178.125	0.000344544	
178.174	0.000354214	
178.223	0.000369354	
178.271	0.000366517	
178.32	0.000348656	
178.369	0.000348825	
178.418	0.000365419	
178.467	0.000371161	
178.516	0.000353475	
178.564	0.000344676	
178.613	0.00036001	
178.662	0.000372425	
178.711	0.000359177	
178.76	0.000343551	
178.809	0.000354202	
178.857	0.00037111	
178.906	0.000363711	
178.955	0.000346291	
179.004	0.000349164	
179.053	0.000367514	
179.102	0.000368799	
179.15	0.000351604	
179.199	0.000345098	
179.248	0.000362123	
179.297	0.000372317	
179.346	0.000357834	
179.395	0.000343857	
179.443	0.000354571	
179.492	0.000370511	
179.541	0.00036336	
179.59	0.000346472	
179.639	0.000347064	
179.688	0.000368352	
179.736	0.000369199	
179.785	0.000348407	
179.834	0.000343303	
179.883	0.000363113	
179.932	0.000372194	
179.98	0.000354824	
180.029	0.000343627	
180.078	0.000356456	
180.127	0.000372657	
180.176	0.000361124	
180.225	0.000344461	
180.273	0.000351279	
180.322	0.000368868	
180.371	0.000367612	
180.42	0.000347229	
180.469	0.000344993	
180.518	0.000365437	
180.566	0.00036913	
180.615	0.000353556	
180.664	0.000344102	
180.713	0.000358134	
180.762	0.000370498	
180.811	0.000360195	
180.859	0.000343511	
180.908	0.000351695	
180.957	0.000369718	
181.006	0.000364222	
181.055	0.000345348	
181.104	0.000346789	
181.152	0.000366765	
181.201	0.00036952	
181.25	0.000351752	
181.299	0.000344502	
181.348	0.000359658	
181.396	0.000369908	
181.445	0.000357147	
181.494	0.000345265	
181.543	0.000352817	
181.592	0.000370432	
181.641	0.000364985	
181.689	0.000344271	
181.738	0.000347413	
181.787	0.000365131	
181.836	0.000368625	
181.885	0.000350296	
181.934	0.000343426	
181.982	0.00036042	
182.031	0.000371419	
182.08	0.000356834	
182.129	0.000343038	
182.178	0.000353795	
182.227	0.000370062	
182.275	0.000362411	
182.324	0.000344054	
182.373	0.000347888	
182.422	0.000366225	
182.471	0.00036757	
182.52	0.000348021	
182.568	0.000343387	
182.617	0.000362972	
182.666	0.00036993	
182.715	0.000353647	
182.764	0.000342522	
182.813	0.000355217	
182.861	0.000370519	
182.91	0.000359705	
182.959	0.000342916	
183.008	0.000353084	
183.057	0.00036798	
183.105	0.00036604	
183.154	0.000345965	
183.203	0.000345027	
183.252	0.00036276	
183.301	0.000369895	
183.35	0.000350926	
183.398	0.00034309	
183.447	0.000358416	
183.496	0.000370187	
183.545	0.000357286	
183.594	0.000342873	
183.643	0.000350862	
183.691	0.000368971	
183.74	0.000362911	
183.789	0.000342414	
183.838	0.000347263	
183.887	0.000365091	
183.936	0.000368124	
183.984	0.000349086	
184.033	0.000343194	
184.082	0.000357797	
184.131	0.000369935	
184.18	0.000357406	
184.229	0.000341336	
184.277	0.000352603	
184.326	0.000369825	
184.375	0.000360543	
184.424	0.000342091	
184.473	0.000346592	
184.521	0.000365984	
184.57	0.000366939	
184.619	0.000347673	
184.668	0.000343114	
184.717	0.000360209	
184.766	0.000370194	
184.814	0.000354709	
184.863	0.00034341	
184.912	0.000353269	
184.961	0.000370264	
185.01	0.000359229	
185.059	0.000344325	
185.107	0.000348416	
185.156	0.000365555	
185.205	0.000366121	
185.254	0.000346786	
185.303	0.000343523	
185.352	0.000361601	
185.4	0.000367989	
185.449	0.000354658	
185.498	0.000340283	
185.547	0.000355464	
185.596	0.000369301	
185.645	0.000358016	
185.693	0.000342482	
185.742	0.000349318	
185.791	0.000368156	
185.84	0.0003628	
185.889	0.000345828	
185.938	0.000345516	
185.986	0.000363761	
186.035	0.000367948	
186.084	0.000349798	
186.133	0.000340204	
186.182	0.000358823	
186.23	0.000367594	
186.279	0.000356549	
186.328	0.000341456	
186.377	0.000351672	
186.426	0.000368313	
186.475	0.00036191	
186.523	0.000344033	
186.572	0.000344314	
186.621	0.000364341	
186.67	0.000366366	
186.719	0.000349831	
186.768	0.00034315	
186.816	0.00035747	
186.865	0.000368459	
186.914	0.000354957	
186.963	0.000340811	
187.012	0.000354071	
187.061	0.000368973	
187.109	0.000359845	
187.158	0.000342353	
187.207	0.000346305	
187.256	0.000365814	
187.305	0.000365011	
187.354	0.000347632	
187.402	0.000342904	
187.451	0.000360418	
187.5	0.000369208	
187.549	0.000352208	
187.598	0.000341235	
187.646	0.000352092	
187.695	0.000368349	
187.744	0.000357379	
187.793	0.000342326	
187.842	0.000347354	
187.891	0.000367015	
187.939	0.000363844	
187.988	0.000345788	
188.037	0.000343138	
188.086	0.000362305	
188.135	0.000367918	
188.184	0.000351248	
188.232	0.000342366	
188.281	0.000355887	
188.33	0.00036831	
188.379	0.000357011	
188.428	0.00034045	
188.477	0.000348676	
188.525	0.000368405	
188.574	0.000364025	
188.623	0.000344373	
188.672	0.000343204	
188.721	0.000363737	
188.77	0.000365776	
188.818	0.00034915	
188.867	0.00034183	
188.916	0.000356684	
188.965	0.000368974	
189.014	0.000356	
189.063	0.000340589	
189.111	0.000350269	
189.16	0.000365282	
189.209	0.000361719	
189.258	0.00034342	
189.307	0.000345283	
189.355	0.000364109	
189.404	0.000363791	
189.453	0.000347812	
189.502	0.000339987	
189.551	0.000358134	
189.6	0.000367795	
189.648	0.000353013	
189.697	0.000341691	
189.746	0.000352247	
189.795	0.000365296	
189.844	0.00036143	
189.893	0.000342865	
189.941	0.000347684	
189.99	0.000363763	
190.039	0.000365749	
190.088	0.000345864	
190.137	0.000341333	
190.186	0.000359467	
190.234	0.000367805	
190.283	0.000351447	
190.332	0.000341621	
190.381	0.000353767	
190.43	0.000368437	
190.479	0.000357538	
190.527	0.000340444	
190.576	0.000348886	
190.625	0.000364372	
190.674	0.000363672	
190.723	0.000344468	
190.771	0.000343605	
190.82	0.000361284	
190.869	0.000365887	
190.918	0.000349492	
190.967	0.000339719	
191.016	0.000355109	
191.064	0.000366522	
191.113	0.000356286	
191.162	0.00033943	
191.211	0.000350291	
191.26	0.000366922	
191.309	0.000362471	
191.357	0.000340318	
191.406	0.000343749	
191.455	0.000362316	
191.504	0.000364475	
191.553	0.000348251	
191.602	0.000339603	
191.65	0.000358104	
191.699	0.000366522	
191.748	0.000353737	
191.797	0.000339761	
191.846	0.000349013	
191.895	0.000365002	
191.943	0.000358919	
191.992	0.000342179	
192.041	0.000345618	
192.09	0.000362285	
192.139	0.000365294	
192.188	0.000347798	
192.236	0.000341603	
192.285	0.000359021	
192.334	0.000366956	
192.383	0.00035334	
192.432	0.000339405	
192.48	0.000351508	
192.529	0.000366298	
192.578	0.0003588	
192.627	0.00034285	
192.676	0.000347528	
192.725	0.000364877	
192.773	0.000363065	
192.822	0.000344632	
192.871	0.000342472	
192.92	0.000360356	
192.969	0.000366791	
193.018	0.000351956	
193.066	0.000339655	
193.115	0.000354415	
193.164	0.00036699	
193.213	0.00035608	
193.262	0.000340494	
193.311	0.000347143	
193.359	0.000365409	
193.408	0.000362845	
193.457	0.000343627	
193.506	0.000342622	
193.555	0.000361426	
193.604	0.000364651	
193.652	0.00034809	
193.701	0.000339615	
193.75	0.000356489	
193.799	0.000367769	
193.848	0.000354897	
193.896	0.000340422	
193.945	0.000348142	
193.994	0.000365619	
194.043	0.000360191	
194.092	0.000342777	
194.141	0.000342753	
194.189	0.000362393	
194.238	0.000365185	
194.287	0.000347085	
194.336	0.000340807	
194.385	0.000357477	
194.434	0.000367162	
194.482	0.000355635	
194.531	0.000338663	
194.58	0.000351581	
194.629	0.000367343	
194.678	0.000359369	
194.727	0.000341164	
194.775	0.000346691	
194.824	0.000362046	
194.873	0.000363365	
194.922	0.000346061	
194.971	0.00034107	
195.02	0.000358959	
195.068	0.000367453	
195.117	0.000351645	
195.166	0.000339667	
195.215	0.000353068	
195.264	0.000366279	
195.313	0.000358074	
195.361	0.000340896	
195.41	0.000345858	
195.459	0.000364313	
195.508	0.000364029	
195.557	0.000344168	
195.605	0.000341342	
195.654	0.000360046	
195.703	0.000365521	
195.752	0.000351478	
195.801	0.000339073	
195.85	0.000354791	
195.898	0.000366603	
195.947	0.000355807	
195.996	0.000340136	
196.045	0.000348499	
196.094	0.000364696	
196.143	0.000361732	
196.191	0.00034386	
196.24	0.000344825	
196.289	0.000359819	
196.338	0.000366219	
196.387	0.000348467	
196.436	0.000338524	
196.484	0.000355266	
196.533	0.000367712	
196.582	0.000353997	
196.631	0.000340146	
196.68	0.00035009	
196.729	0.000365379	
196.777	0.000359238	
196.826	0.000342087	
196.875	0.000344682	
196.924	0.000364144	
196.973	0.000362921	
197.021	0.000348329	
197.07	0.000341347	
197.119	0.000357723	
197.168	0.000367584	
197.217	0.000351757	
197.266	0.00034011	
197.314	0.000350251	
197.363	0.000366871	
197.412	0.000359316	
197.461	0.000340701	
197.51	0.00034499	
197.559	0.000364015	
197.607	0.000362018	
197.656	0.00034592	
197.705	0.000341168	
197.754	0.000359133	
197.803	0.000364813	
197.852	0.000351928	
197.9	0.000338815	
197.949	0.000353785	
197.998	0.000366723	
198.047	0.000357604	
198.096	0.000340894	
198.145	0.000346146	
198.193	0.000364807	
198.242	0.000361548	
198.291	0.000344168	
198.34	0.000342733	
198.389	0.000360358	
198.438	0.000366153	
198.486	0.000347427	
198.535	0.00034053	
198.584	0.000357032	
198.633	0.000365052	
198.682	0.000355231	
198.73	0.000339735	
198.779	0.000348667	
198.828	0.000365254	
198.877	0.000361713	
198.926	0.000342846	
198.975	0.000343327	
199.023	0.000360937	
199.072	0.000365434	
199.121	0.000346464	
199.17	0.000340644	
199.219	0.000356129	
199.268	0.00036754	
199.316	0.000353551	
199.365	0.000339683	
199.414	0.000351355	
199.463	0.000366483	
199.512	0.000359213	
199.561	0.000341793	
199.609	0.00034558	
199.658	0.000363691	
199.707	0.000363673	
199.756	0.000346668	
199.805	0.000339738	
199.854	0.000358274	
199.902	0.000365794	
199.951	0.000352747	
200	0.000240363	
