Frequency(Hz)	Channel 1(V)	
0	0.161371	
0.0390625	0.142575	
0.078125	0.0049847	
0.117188	0.048617	
0.15625	0.00533841	
0.195313	0.030749	
0.234375	0.00547423	
0.273438	0.0234574	
0.3125	0.00575178	
0.351563	0.0197584	
0.390625	0.0058793	
0.429688	0.0174697	
0.46875	0.00615352	
0.507813	0.0160447	
0.546875	0.00632105	
0.585938	0.0149043	
0.625	0.00666764	
0.664063	0.0139432	
0.703125	0.00711512	
0.742188	0.0133862	
0.78125	0.00749304	
0.820313	0.0127132	
0.859375	0.00816925	
0.898438	0.012398	
0.9375	0.00837295	
0.976563	0.0119151	
1.01563	0.00883814	
1.05469	0.0115035	
1.09375	0.00935377	
1.13281	0.0111879	
1.17188	0.00968692	
1.21094	0.0106981	
1.25	0.010093	
1.28906	0.00985168	
1.32813	0.0115958	
1.36719	0.0111837	
1.40625	0.0105264	
1.44531	0.00969248	
1.48438	0.0113325	
1.52344	0.00920727	
1.5625	0.012072	
1.60156	0.00901742	
1.64063	0.0123592	
1.67969	0.00838863	
1.71875	0.0128752	
1.75781	0.00796876	
1.79688	0.013215	
1.83594	0.00732099	
1.875	0.0138835	
1.91406	0.00687022	
1.95313	0.0144058	
1.99219	0.00639362	
2.03125	0.0148919	
2.07031	0.00598894	
2.10938	0.0153647	
2.14844	0.00541538	
2.1875	0.0158496	
2.22656	0.00495586	
2.26563	0.0163386	
2.30469	0.00460768	
2.34375	0.0165032	
2.38281	0.00387803	
2.42188	0.0169872	
2.46094	0.00340219	
2.5	0.0174941	
2.53906	0.00304237	
2.57813	0.0175565	
2.61719	0.00216105	
2.65625	0.0180896	
2.69531	0.00345417	
2.73438	0.0179848	
2.77344	0.0021119	
2.8125	0.0188764	
2.85156	0.00266046	
2.89063	0.0197147	
2.92969	0.00319236	
2.96875	0.0199792	
3.00781	0.00371869	
3.04688	0.020197	
3.08594	0.00455081	
3.125	0.02052	
3.16406	0.00542423	
3.20313	0.0208824	
3.24219	0.00668199	
3.28125	0.0211906	
3.32031	0.00774085	
3.35938	0.021519	
3.39844	0.00875987	
3.4375	0.021522	
3.47656	0.0103337	
3.51563	0.0218157	
3.55469	0.0120712	
3.59375	0.0226067	
3.63281	0.0131699	
3.67188	0.0228322	
3.71094	0.0146199	
3.75	0.022832	
3.78906	0.016696	
3.82813	0.0234948	
3.86719	0.0183343	
3.90625	0.0237544	
3.94531	0.020258	
3.98438	0.0243539	
4.02344	0.0212934	
4.0625	0.0231528	
4.10156	0.0253343	
4.14063	0.0241767	
4.17969	0.0275692	
4.21875	0.024193	
4.25781	0.0309837	
4.29688	0.025214	
4.33594	0.033586	
4.375	0.0251804	
4.41406	0.0369294	
4.45313	0.0249251	
4.49219	0.0411088	
4.53125	0.0243036	
4.57031	0.0471621	
4.60938	0.0249984	
4.64844	0.0533597	
4.6875	0.0258761	
4.72656	0.0599208	
4.76563	0.0256061	
4.80469	0.0691757	
4.84375	0.0259519	
4.88281	0.0807722	
4.92188	0.0261303	
4.96094	0.0969156	
5	0.0273016	
5.03906	0.118346	
5.07813	0.0276016	
5.11719	0.15208	
5.15625	0.0264388	
5.19531	0.216202	
5.23438	0.0293685	
5.27344	0.36202	
5.3125	0.0432375	
5.35156	1.05528	
5.39063	1.70731	
5.42969	1.08588	
5.46875	0.0131181	
5.50781	0.350187	
5.54688	0.0220426	
5.58594	0.209559	
5.625	0.0237756	
5.66406	0.149907	
5.70313	0.0225946	
5.74219	0.114522	
5.78125	0.0228275	
5.82031	0.0916316	
5.85938	0.0239217	
5.89844	0.0766915	
5.9375	0.0237972	
5.97656	0.0652719	
6.01563	0.0237545	
6.05469	0.0565433	
6.09375	0.0233569	
6.13281	0.0488776	
6.17188	0.0238441	
6.21094	0.0433166	
6.25	0.0240348	
6.28906	0.0391959	
6.32813	0.0231464	
6.36719	0.0348774	
6.40625	0.022598	
6.44531	0.0309609	
6.48438	0.0222325	
6.52344	0.0271618	
6.5625	0.0225923	
6.60156	0.0247043	
6.64063	0.0221572	
6.67969	0.0219204	
6.71875	0.0226754	
6.75781	0.020719	
6.79688	0.0209991	
6.83594	0.0178294	
6.875	0.0209884	
6.91406	0.0159297	
6.95313	0.0206537	
6.99219	0.0140091	
7.03125	0.0205333	
7.07031	0.0126315	
7.10938	0.0199758	
7.14844	0.0110117	
7.1875	0.0195847	
7.22656	0.00948174	
7.26563	0.0195014	
7.30469	0.00845033	
7.34375	0.0190683	
7.38281	0.00741634	
7.42188	0.0184603	
7.46094	0.00627921	
7.5	0.0179938	
7.53906	0.00524861	
7.57813	0.0175414	
7.61719	0.00402224	
7.65625	0.0170601	
7.69531	0.00366008	
7.73438	0.0166337	
7.77344	0.00289269	
7.8125	0.0160893	
7.85156	0.00237215	
7.89063	0.0155625	
7.92969	0.00191522	
7.96875	0.0153836	
8.00781	0.00199169	
8.04688	0.0153077	
8.08594	0.00277254	
8.125	0.0142289	
8.16406	0.0023483	
8.20313	0.0139122	
8.24219	0.00276773	
8.28125	0.0132313	
8.32031	0.00335883	
8.35938	0.0127495	
8.39844	0.00381552	
8.4375	0.0122999	
8.47656	0.00423271	
8.51563	0.0118146	
8.55469	0.00459567	
8.59375	0.0112268	
8.63281	0.00506407	
8.67188	0.0107501	
8.71094	0.00548838	
8.75	0.0102341	
8.78906	0.00586648	
8.82813	0.00979102	
8.86719	0.00620422	
8.90625	0.00932997	
8.94531	0.0065254	
8.98438	0.00891851	
9.02344	0.00669868	
9.0625	0.00840372	
9.10156	0.00697379	
9.14063	0.00799464	
9.17969	0.00710198	
9.21875	0.00742119	
9.25781	0.00737033	
9.29688	0.00697603	
9.33594	0.00751698	
9.375	0.00663376	
9.41406	0.00733924	
9.45313	0.00561522	
9.49219	0.00803164	
9.53125	0.00563847	
9.57031	0.00796079	
9.60938	0.00523362	
9.64844	0.00799918	
9.6875	0.00486839	
9.72656	0.00804329	
9.76563	0.00443437	
9.80469	0.00812004	
9.84375	0.00405219	
9.88281	0.00819145	
9.92188	0.00384433	
9.96094	0.00814185	
10	0.00346206	
10.0391	0.00811594	
10.0781	0.0031473	
10.1172	0.00819222	
10.1563	0.00296295	
10.1953	0.00817011	
10.2344	0.00275391	
10.2734	0.00825466	
10.3125	0.00268606	
10.3516	0.00827705	
10.3906	0.0027023	
10.4297	0.00851316	
10.4688	0.00275399	
10.5078	0.00898223	
10.5469	0.00268848	
10.5859	0.0103923	
10.625	0.00291361	
10.6641	0.0141325	
10.7031	0.00373128	
10.7422	0.0355563	
10.7813	0.0597664	
10.8203	0.0385213	
10.8594	0.0017854	
10.8984	0.013601	
10.9375	0.00299425	
10.9766	0.00955256	
11.0156	0.00352006	
11.0547	0.00815517	
11.0938	0.00370635	
11.1328	0.00734984	
11.1719	0.00385713	
11.2109	0.00676292	
11.25	0.00404351	
11.2891	0.00626131	
11.3281	0.00425247	
11.3672	0.00586344	
11.4063	0.00452374	
11.4453	0.00564409	
11.4844	0.00458676	
11.5234	0.00526395	
11.5625	0.00481263	
11.6016	0.00499293	
11.6406	0.00497994	
11.6797	0.00468994	
11.7188	0.00506007	
11.7578	0.00442764	
11.7969	0.00515999	
11.8359	0.00414924	
11.875	0.00523534	
11.9141	0.00382452	
11.9531	0.00536109	
11.9922	0.00356372	
12.0313	0.00543418	
12.0703	0.00338558	
12.1094	0.00523413	
12.1484	0.00269539	
12.1875	0.00573913	
12.2266	0.0027538	
12.2656	0.0056838	
12.3047	0.00254058	
12.3438	0.00566567	
12.3828	0.00225192	
12.4219	0.00574619	
12.4609	0.00203312	
12.5	0.00573466	
12.5391	0.00182617	
12.5781	0.00575695	
12.6172	0.00172876	
12.6563	0.00570942	
12.6953	0.00158162	
12.7344	0.00566529	
12.7734	0.00148128	
12.8125	0.00562545	
12.8516	0.00151761	
12.8906	0.00557468	
12.9297	0.00162964	
12.9688	0.00542678	
13.0078	0.00256515	
13.0469	0.00728194	
13.0859	0.0011029	
13.125	0.00551567	
13.1641	0.00144593	
13.2031	0.0053458	
13.2422	0.00171726	
13.2813	0.00521203	
13.3203	0.00196265	
13.3594	0.00515169	
13.3984	0.00211579	
13.4375	0.00505655	
13.4766	0.00236065	
13.5156	0.00489476	
13.5547	0.00244104	
13.5938	0.00474701	
13.6328	0.00262704	
13.6719	0.00457176	
13.7109	0.00285332	
13.75	0.00443062	
13.7891	0.00302768	
13.8281	0.00428643	
13.8672	0.0032008	
13.9063	0.00414408	
13.9453	0.0033396	
13.9844	0.00398921	
14.0234	0.00351649	
14.0625	0.00381948	
14.1016	0.00365886	
14.1406	0.00364624	
14.1797	0.00380616	
14.2188	0.00350512	
14.2578	0.00390091	
14.2969	0.00331717	
14.3359	0.00400874	
14.375	0.00311119	
14.4141	0.0041179	
14.4531	0.00295077	
14.4922	0.00423872	
14.5313	0.00279778	
14.5703	0.0043022	
14.6094	0.00261179	
14.6484	0.00439167	
14.6875	0.00243346	
14.7266	0.0044733	
14.7656	0.00224483	
14.8047	0.00458169	
14.8438	0.00220919	
14.8828	0.00459606	
14.9219	0.00200887	
14.9609	0.0046598	
15	0.0018812	
15.0391	0.00467884	
15.0781	0.00176873	
15.1172	0.00473082	
15.1563	0.00167604	
15.1953	0.00477479	
15.2344	0.00159942	
15.2734	0.00480529	
15.3125	0.00157815	
15.3516	0.00481831	
15.3906	0.00155741	
15.4297	0.00486053	
15.4688	0.00158317	
15.5078	0.00490994	
15.5469	0.00160557	
15.5859	0.00496336	
15.625	0.00168904	
15.6641	0.00504232	
15.7031	0.0017658	
15.7422	0.00516166	
15.7813	0.00182514	
15.8203	0.00529813	
15.8594	0.00193971	
15.8984	0.00557754	
15.9375	0.00205179	
15.9766	0.00625355	
16.0156	0.00201492	
16.0547	0.00784189	
16.0938	0.00174109	
16.1328	0.0151011	
16.1719	0.0173136	
16.2109	0.00921854	
16.25	0.00287079	
16.2891	0.000757329	
16.3281	0.00269442	
16.3672	0.00109895	
16.4063	0.00280779	
16.4453	0.00148956	
16.4844	0.00296187	
16.5234	0.00174889	
16.5625	0.00304022	
16.6016	0.00188881	
16.6406	0.00305444	
16.6797	0.00193536	
16.7188	0.00317364	
16.7578	0.00193333	
16.7969	0.00325066	
16.8359	0.00185385	
16.875	0.00334243	
16.9141	0.00185012	
16.9531	0.00335653	
16.9922	0.0017864	
17.0313	0.00334402	
17.0703	0.00166254	
17.1094	0.00356987	
17.1484	0.00168122	
17.1875	0.00356114	
17.2266	0.00161508	
17.2656	0.00359935	
17.3047	0.00161616	
17.3438	0.00359196	
17.3828	0.00158765	
17.4219	0.00359907	
17.4609	0.00156465	
17.5	0.00353863	
17.5391	0.00175102	
17.5781	0.00367887	
17.6172	0.00162474	
17.6563	0.00362258	
17.6953	0.00166053	
17.7344	0.00361092	
17.7734	0.0017677	
17.8125	0.00353903	
17.8516	0.00187396	
17.8906	0.00355282	
17.9297	0.00199981	
17.9688	0.00354163	
18.0078	0.00208498	
18.0469	0.00342892	
18.0859	0.00230515	
18.125	0.00336036	
18.1641	0.00258262	
18.2031	0.00332838	
18.2422	0.00292829	
18.2813	0.00335048	
18.3203	0.00360264	
18.3594	0.00345255	
18.3984	0.00771283	
18.4375	0.00933516	
18.4766	0.00445503	
18.5156	0.00319105	
18.5547	0.00201946	
18.5938	0.00301476	
18.6328	0.00204453	
18.6719	0.00284735	
18.7109	0.00226695	
18.75	0.00270329	
18.7891	0.00245474	
18.8281	0.00253922	
18.8672	0.00268524	
18.9063	0.00257973	
18.9453	0.00276983	
18.9844	0.00240366	
19.0234	0.00291327	
19.0625	0.00230476	
19.1016	0.00299538	
19.1406	0.00217506	
19.1797	0.00310447	
19.2188	0.00206207	
19.2578	0.003189	
19.2969	0.00193339	
19.3359	0.00325001	
19.375	0.0018153	
19.4141	0.00332096	
19.4531	0.00167912	
19.4922	0.00338807	
19.5313	0.00158637	
19.5703	0.00342539	
19.6094	0.00149189	
19.6484	0.00345153	
19.6875	0.00139668	
19.7266	0.00346114	
19.7656	0.00133244	
19.8047	0.00358573	
19.8438	0.00125637	
19.8828	0.00355473	
19.9219	0.00121813	
19.9609	0.00358009	
20	0.000845635	
