Frequency(Hz)	Channel 1(V)	
0	0.00193993	
0.000488281	0.00274331	
0.000976563	0.00274282	
0.00146484	0.002742	
0.00195313	0.00274086	
0.00244141	0.0027394	
0.00292969	0.00273761	
0.00341797	0.0027355	
0.00390625	0.00273306	
0.00439453	0.00273029	
0.00488281	0.00272721	
0.00537109	0.0027238	
0.00585938	0.00272007	
0.00634766	0.00271601	
0.00683594	0.00271164	
0.00732422	0.00270694	
0.0078125	0.00270193	
0.00830078	0.0026966	
0.00878906	0.00269095	
0.00927734	0.00268498	
0.00976563	0.00267869	
0.0102539	0.0026721	
0.0107422	0.00266518	
0.0112305	0.00265796	
0.0117188	0.00265043	
0.012207	0.00264258	
0.0126953	0.00263443	
0.0131836	0.00262597	
0.0136719	0.0026172	
0.0141602	0.00260813	
0.0146484	0.00259876	
0.0151367	0.00258908	
0.015625	0.00257911	
0.0161133	0.00256884	
0.0166016	0.00255827	
0.0170898	0.00254741	
0.0175781	0.00253626	
0.0180664	0.00252481	
0.0185547	0.00251308	
0.019043	0.00250107	
0.0195313	0.00248876	
0.0200195	0.00247618	
0.0205078	0.00246332	
0.0209961	0.00245018	
0.0214844	0.00243676	
0.0219727	0.00242308	
0.0224609	0.00240912	
0.0229492	0.00239489	
0.0234375	0.0023804	
0.0239258	0.00236564	
0.0244141	0.00235063	
0.0249023	0.00233536	
0.0253906	0.00231983	
0.0258789	0.00230405	
0.0263672	0.00228803	
0.0268555	0.00227175	
0.0273438	0.00225524	
0.027832	0.00223848	
0.0283203	0.00222148	
0.0288086	0.00220425	
0.0292969	0.00218679	
0.0297852	0.00216911	
0.0302734	0.00215119	
0.0307617	0.00213306	
0.03125	0.00211471	
0.0317383	0.00209614	
0.0322266	0.00207736	
0.0327148	0.00205837	
0.0332031	0.00203918	
0.0336914	0.00201979	
0.0341797	0.0020002	
0.034668	0.00198042	
0.0351563	0.00196045	
0.0356445	0.00194029	
0.0361328	0.00191995	
0.0366211	0.00189943	
0.0371094	0.00187873	
0.0375977	0.00185787	
0.0380859	0.00183684	
0.0385742	0.00181564	
0.0390625	0.00179429	
0.0395508	0.00177278	
0.0400391	0.00175112	
0.0405273	0.00172931	
0.0410156	0.00170736	
0.0415039	0.00168527	
0.0419922	0.00166305	
0.0424805	0.0016407	
0.0429688	0.00161822	
0.043457	0.00159562	
0.0439453	0.0015729	
0.0444336	0.00155007	
0.0449219	0.00152714	
0.0454102	0.0015041	
0.0458984	0.00148096	
0.0463867	0.00145773	
0.046875	0.0014344	
0.0473633	0.00141099	
0.0478516	0.0013875	
0.0483398	0.00136394	
0.0488281	0.0013403	
0.0493164	0.0013166	
0.0498047	0.00129283	
0.050293	0.00126901	
0.0507813	0.00124513	
0.0512695	0.00122121	
0.0517578	0.00119724	
0.0522461	0.00117323	
0.0527344	0.00114919	
0.0532227	0.00112513	
0.0537109	0.00110104	
0.0541992	0.00107693	
0.0546875	0.0010528	
0.0551758	0.00102867	
0.0556641	0.00100454	
0.0561523	0.000980401	
0.0566406	0.000956273	
0.0571289	0.000932155	
0.0576172	0.000908054	
0.0581055	0.000883974	
0.0585938	0.000859921	
0.059082	0.000835899	
0.0595703	0.000811914	
0.0600586	0.00078797	
0.0605469	0.000764074	
0.0610352	0.00074023	
0.0615234	0.000716443	
0.0620117	0.00069272	
0.0625	0.000669064	
0.0629883	0.000645483	
0.0634766	0.000621981	
0.0639648	0.000598564	
0.0644531	0.000575238	
0.0649414	0.000552008	
0.0654297	0.000528881	
0.065918	0.000505864	
0.0664063	0.000482962	
0.0668945	0.000460183	
0.0673828	0.000437533	
0.0678711	0.000415021	
0.0683594	0.000392656	
0.0688477	0.000370445	
0.0693359	0.0003484	
0.0698242	0.000326533	
0.0703125	0.000304856	
0.0708008	0.000283387	
0.0712891	0.000262145	
0.0717773	0.000241154	
0.0722656	0.000220447	
0.0727539	0.000200066	
0.0732422	0.000180069	
0.0737305	0.000160539	
0.0742188	0.000141598	
0.074707	0.000123435	
0.0751953	0.00010635	
0.0756836	9.08335e-005	
0.0761719	7.76867e-005	
0.0766602	6.81279e-005	
0.0771484	6.36112e-005	
0.0776367	6.5014e-005	
0.078125	7.18266e-005	
0.0786133	8.25776e-005	
0.0791016	9.58253e-005	
0.0795898	0.000110565	
0.0800781	0.000126178	
0.0805664	0.000142287	
0.0810547	0.000158663	
0.081543	0.000175157	
0.0820313	0.000191672	
0.0825195	0.000208141	
0.0830078	0.000224516	
0.0834961	0.000240763	
0.0839844	0.000256854	
0.0844727	0.00027277	
0.0849609	0.000288495	
0.0854492	0.000304014	
0.0859375	0.000319318	
0.0864258	0.000334397	
0.0869141	0.000349243	
0.0874023	0.000363849	
0.0878906	0.00037821	
0.0883789	0.000392319	
0.0888672	0.000406173	
0.0893555	0.000419767	
0.0898438	0.000433096	
0.090332	0.000446157	
0.0908203	0.000458947	
0.0913086	0.000471462	
0.0917969	0.0004837	
0.0922852	0.000495658	
0.0927734	0.000507333	
0.0932617	0.000518723	
0.09375	0.000529826	
0.0942383	0.000540639	
0.0947266	0.000551161	
0.0952148	0.00056139	
0.0957031	0.000571323	
0.0961914	0.000580961	
0.0966797	0.0005903	
0.097168	0.000599341	
0.0976563	0.000608081	
0.0981445	0.000616519	
0.0986328	0.000624654	
0.0991211	0.000632486	
0.0996094	0.000640014	
0.100098	0.000647237	
0.100586	0.000654154	
0.101074	0.000660764	
0.101563	0.000667068	
0.102051	0.000673065	
0.102539	0.000678755	
0.103027	0.000684138	
0.103516	0.000689213	
0.104004	0.00069398	
0.104492	0.000698441	
0.10498	0.000702594	
0.105469	0.000706441	
0.105957	0.000709982	
0.106445	0.000713217	
0.106934	0.000716147	
0.107422	0.000718772	
0.10791	0.000721094	
0.108398	0.000723113	
0.108887	0.000724831	
0.109375	0.000726247	
0.109863	0.000727364	
0.110352	0.000728183	
0.11084	0.000728705	
0.111328	0.000728931	
0.111816	0.000728863	
0.112305	0.000728502	
0.112793	0.00072785	
0.113281	0.00072691	
0.11377	0.000725682	
0.114258	0.000724168	
0.114746	0.000722371	
0.115234	0.000720293	
0.115723	0.000717935	
0.116211	0.000715301	
0.116699	0.000712392	
0.117188	0.000709211	
0.117676	0.000705759	
0.118164	0.000702041	
0.118652	0.000698058	
0.119141	0.000693813	
0.119629	0.000689309	
0.120117	0.000684549	
0.120605	0.000679536	
0.121094	0.000674272	
0.121582	0.00066876	
0.12207	0.000663005	
0.122559	0.000657008	
0.123047	0.000650774	
0.123535	0.000644306	
0.124023	0.000637606	
0.124512	0.000630679	
0.125	0.000623528	
0.125488	0.000616156	
0.125977	0.000608568	
0.126465	0.000600766	
0.126953	0.000592755	
0.127441	0.000584539	
0.12793	0.000576121	
0.128418	0.000567505	
0.128906	0.000558696	
0.129395	0.000549697	
0.129883	0.000540512	
0.130371	0.000531146	
0.130859	0.000521602	
0.131348	0.000511885	
0.131836	0.000501999	
0.132324	0.000491949	
0.132813	0.000481739	
0.133301	0.000471372	
0.133789	0.000460855	
0.134277	0.00045019	
0.134766	0.000439383	
0.135254	0.000428438	
0.135742	0.00041736	
0.13623	0.000406153	
0.136719	0.000394823	
0.137207	0.000383372	
0.137695	0.000371808	
0.138184	0.000360133	
0.138672	0.000348354	
0.13916	0.000336474	
0.139648	0.000324499	
0.140137	0.000312433	
0.140625	0.000300282	
0.141113	0.000288051	
0.141602	0.000275744	
0.14209	0.000263367	
0.142578	0.000250924	
0.143066	0.000238422	
0.143555	0.000225865	
0.144043	0.00021326	
0.144531	0.000200611	
0.14502	0.000187926	
0.145508	0.000175209	
0.145996	0.000162469	
0.146484	0.000149713	
0.146973	0.000136948	
0.147461	0.000124186	
0.147949	0.000111439	
0.148438	9.8724e-005	
0.148926	8.60634e-005	
0.149414	7.34938e-005	
0.149902	6.1077e-005	
0.150391	4.89307e-005	
0.150879	3.73161e-005	
0.151367	2.69149e-005	
0.151855	1.97155e-005	
0.152344	1.95859e-005	
0.152832	2.65879e-005	
0.15332	3.68232e-005	
0.153809	4.82449e-005	
0.154297	6.01515e-005	
0.154785	7.22761e-005	
0.155273	8.44987e-005	
0.155762	9.6757e-005	
0.15625	0.000109015	
0.156738	0.000121249	
0.157227	0.000133443	
0.157715	0.000145585	
0.158203	0.000157666	
0.158691	0.000169677	
0.15918	0.000181611	
0.159668	0.000193463	
0.160156	0.000205227	
0.160645	0.000216898	
0.161133	0.000228471	
0.161621	0.000239942	
0.162109	0.000251305	
0.162598	0.000262558	
0.163086	0.000273695	
0.163574	0.000284713	
0.164063	0.000295608	
0.164551	0.000306376	
0.165039	0.000317015	
0.165527	0.000327519	
0.166016	0.000337886	
0.166504	0.000348113	
0.166992	0.000358196	
0.16748	0.000368132	
0.167969	0.000377918	
0.168457	0.00038755	
0.168945	0.000397027	
0.169434	0.000406345	
0.169922	0.000415501	
0.17041	0.000424493	
0.170898	0.000433318	
0.171387	0.000441974	
0.171875	0.000450457	
0.172363	0.000458766	
0.172852	0.000466899	
0.17334	0.000474853	
0.173828	0.000482626	
0.174316	0.000490215	
0.174805	0.00049762	
0.175293	0.000504838	
0.175781	0.000511867	
0.17627	0.000518706	
0.176758	0.000525353	
0.177246	0.000531806	
0.177734	0.000538064	
0.178223	0.000544126	
0.178711	0.00054999	
0.179199	0.000555655	
0.179688	0.000561119	
0.180176	0.000566383	
0.180664	0.000571445	
0.181152	0.000576304	
0.181641	0.000580959	
0.182129	0.00058541	
0.182617	0.000589656	
0.183105	0.000593697	
0.183594	0.000597531	
0.184082	0.00060116	
0.18457	0.000604582	
0.185059	0.000607797	
0.185547	0.000610806	
0.186035	0.000613608	
0.186523	0.000616204	
0.187012	0.000618593	
0.1875	0.000620777	
0.187988	0.000622754	
0.188477	0.000624527	
0.188965	0.000626095	
0.189453	0.00062746	
0.189941	0.000628621	
0.19043	0.00062958	
0.190918	0.000630337	
0.191406	0.000630894	
0.191895	0.000631252	
0.192383	0.000631413	
0.192871	0.000631376	
0.193359	0.000631144	
0.193848	0.000630718	
0.194336	0.0006301	
0.194824	0.000629292	
0.195313	0.000628294	
0.195801	0.00062711	
0.196289	0.000625741	
0.196777	0.000624188	
0.197266	0.000622455	
0.197754	0.000620543	
0.198242	0.000618455	
0.19873	0.000616193	
0.199219	0.000613759	
0.199707	0.000611156	
0.200195	0.000608388	
0.200684	0.000605456	
0.201172	0.000602363	
0.20166	0.000599113	
0.202148	0.000595709	
0.202637	0.000592153	
0.203125	0.000588449	
0.203613	0.000584601	
0.204102	0.000580611	
0.20459	0.000576485	
0.205078	0.000572224	
0.205566	0.000567833	
0.206055	0.000563316	
0.206543	0.000558677	
0.207031	0.000553919	
0.20752	0.000549049	
0.208008	0.000544068	
0.208496	0.000538983	
0.208984	0.000533798	
0.209473	0.000528517	
0.209961	0.000523145	
0.210449	0.000517687	
0.210938	0.00051215	
0.211426	0.000506536	
0.211914	0.000500853	
0.212402	0.000495106	
0.212891	0.0004893	
0.213379	0.000483442	
0.213867	0.000477537	
0.214355	0.000471591	
0.214844	0.000465612	
0.215332	0.000459605	
0.21582	0.000453578	
0.216309	0.000447537	
0.216797	0.00044149	
0.217285	0.000435444	
0.217773	0.000429406	
0.218262	0.000423384	
0.21875	0.000417386	
0.219238	0.000411421	
0.219727	0.000405497	
0.220215	0.000399622	
0.220703	0.000393806	
0.221191	0.000388057	
0.22168	0.000382385	
0.222168	0.000376799	
0.222656	0.000371309	
0.223145	0.000365925	
0.223633	0.000360656	
0.224121	0.000355513	
0.224609	0.000350505	
0.225098	0.000345644	
0.225586	0.000340939	
0.226074	0.000336401	
0.226563	0.00033204	
0.227051	0.000327865	
0.227539	0.000323887	
0.228027	0.000320115	
0.228516	0.000316558	
0.229004	0.000313224	
0.229492	0.000310123	
0.22998	0.000307261	
0.230469	0.000304645	
0.230957	0.000302281	
0.231445	0.000300175	
0.231934	0.000298331	
0.232422	0.000296751	
0.23291	0.000295438	
0.233398	0.000294393	
0.233887	0.000293616	
0.234375	0.000293106	
0.234863	0.00029286	
0.235352	0.000292875	
0.23584	0.000293147	
0.236328	0.000293669	
0.236816	0.000294435	
0.237305	0.000295438	
0.237793	0.00029667	
0.238281	0.000298121	
0.23877	0.000299782	
0.239258	0.000301643	
0.239746	0.000303694	
0.240234	0.000305923	
0.240723	0.00030832	
0.241211	0.000310873	
0.241699	0.000313571	
0.242188	0.000316403	
0.242676	0.000319356	
0.243164	0.000322421	
0.243652	0.000325586	
0.244141	0.00032884	
0.244629	0.000332172	
0.245117	0.000335573	
0.245605	0.000339031	
0.246094	0.000342539	
0.246582	0.000346084	
0.24707	0.00034966	
0.247559	0.000353257	
0.248047	0.000356866	
0.248535	0.00036048	
0.249023	0.000364091	
0.249512	0.00036769	
0.25	0.000371272	
0.250488	0.000374829	
0.250977	0.000378355	
0.251465	0.000381843	
0.251953	0.000385288	
0.252441	0.000388684	
0.25293	0.000392025	
0.253418	0.000395307	
0.253906	0.000398525	
0.254395	0.000401674	
0.254883	0.00040475	
0.255371	0.000407749	
0.255859	0.000410666	
0.256348	0.000413498	
0.256836	0.000416243	
0.257324	0.000418895	
0.257813	0.000421454	
0.258301	0.000423914	
0.258789	0.000426275	
0.259277	0.000428533	
0.259766	0.000430686	
0.260254	0.000432732	
0.260742	0.000434668	
0.26123	0.000436494	
0.261719	0.000438207	
0.262207	0.000439806	
0.262695	0.000441289	
0.263184	0.000442655	
0.263672	0.000443903	
0.26416	0.000445033	
0.264648	0.000446042	
0.265137	0.000446931	
0.265625	0.000447699	
0.266113	0.000448346	
0.266602	0.00044887	
0.26709	0.000449273	
0.267578	0.000449553	
0.268066	0.000449711	
0.268555	0.000449748	
0.269043	0.000449662	
0.269531	0.000449455	
0.27002	0.000449127	
0.270508	0.000448679	
0.270996	0.000448111	
0.271484	0.000447425	
0.271973	0.000446621	
0.272461	0.0004457	
0.272949	0.000444664	
0.273438	0.000443513	
0.273926	0.000442249	
0.274414	0.000440874	
0.274902	0.000439389	
0.275391	0.000437796	
0.275879	0.000436096	
0.276367	0.000434292	
0.276855	0.000432386	
0.277344	0.000430379	
0.277832	0.000428274	
0.27832	0.000426074	
0.278809	0.000423781	
0.279297	0.000421397	
0.279785	0.000418926	
0.280273	0.00041637	
0.280762	0.000413731	
0.28125	0.000411014	
0.281738	0.000408221	
0.282227	0.000405356	
0.282715	0.000402422	
0.283203	0.000399423	
0.283691	0.000396362	
0.28418	0.000393243	
0.284668	0.000390071	
0.285156	0.000386849	
0.285645	0.000383582	
0.286133	0.000380274	
0.286621	0.00037693	
0.287109	0.000373554	
0.287598	0.000370152	
0.288086	0.000366727	
0.288574	0.000363286	
0.289063	0.000359834	
0.289551	0.000356376	
0.290039	0.000352917	
0.290527	0.000349464	
0.291016	0.000346023	
0.291504	0.000342598	
0.291992	0.000339197	
0.29248	0.000335826	
0.292969	0.000332492	
0.293457	0.0003292	
0.293945	0.000325957	
0.294434	0.000322771	
0.294922	0.000319647	
0.29541	0.000316594	
0.295898	0.000313617	
0.296387	0.000310724	
0.296875	0.000307922	
0.297363	0.000305217	
0.297852	0.000302617	
0.29834	0.000300128	
0.298828	0.000297756	
0.299316	0.000295509	
0.299805	0.000293393	
0.300293	0.000291414	
0.300781	0.000289576	
0.30127	0.000287887	
0.301758	0.000286351	
0.302246	0.000284972	
0.302734	0.000283756	
0.303223	0.000282705	
0.303711	0.000281823	
0.304199	0.000281113	
0.304688	0.000280576	
0.305176	0.000280215	
0.305664	0.000280031	
0.306152	0.000280023	
0.306641	0.000280191	
0.307129	0.000280535	
0.307617	0.000281053	
0.308105	0.000281743	
0.308594	0.000282602	
0.309082	0.000283628	
0.30957	0.000284815	
0.310059	0.000286161	
0.310547	0.000287661	
0.311035	0.000289309	
0.311523	0.0002911	
0.312012	0.000293029	
0.3125	0.000295089	
0.312988	0.000297274	
0.313477	0.000299578	
0.313965	0.000301995	
0.314453	0.000304517	
0.314941	0.000307138	
0.31543	0.00030985	
0.315918	0.000312648	
0.316406	0.000315524	
0.316895	0.000318472	
0.317383	0.000321485	
0.317871	0.000324555	
0.318359	0.000327677	
0.318848	0.000330844	
0.319336	0.00033405	
0.319824	0.000337288	
0.320313	0.000340553	
0.320801	0.000343838	
0.321289	0.000347137	
0.321777	0.000350446	
0.322266	0.000353757	
0.322754	0.000357067	
0.323242	0.00036037	
0.32373	0.000363661	
0.324219	0.000366934	
0.324707	0.000370186	
0.325195	0.000373412	
0.325684	0.000376607	
0.326172	0.000379767	
0.32666	0.000382888	
0.327148	0.000385966	
0.327637	0.000388998	
0.328125	0.000391979	
0.328613	0.000394906	
0.329102	0.000397775	
0.32959	0.000400584	
0.330078	0.000403329	
0.330566	0.000406007	
0.331055	0.000408616	
0.331543	0.000411152	
0.332031	0.000413612	
0.33252	0.000415996	
0.333008	0.000418299	
0.333496	0.00042052	
0.333984	0.000422656	
0.334473	0.000424706	
0.334961	0.000426667	
0.335449	0.000428537	
0.335938	0.000430315	
0.336426	0.000431999	
0.336914	0.000433588	
0.337402	0.00043508	
0.337891	0.000436473	
0.338379	0.000437766	
0.338867	0.000438958	
0.339355	0.000440049	
0.339844	0.000441036	
0.340332	0.000441919	
0.34082	0.000442697	
0.341309	0.00044337	
0.341797	0.000443936	
0.342285	0.000444395	
0.342773	0.000444747	
0.343262	0.000444991	
0.34375	0.000445127	
0.344238	0.000445155	
0.344727	0.000445073	
0.345215	0.000444884	
0.345703	0.000444585	
0.346191	0.000444178	
0.34668	0.000443662	
0.347168	0.000443038	
0.347656	0.000442306	
0.348145	0.000441467	
0.348633	0.00044052	
0.349121	0.000439467	
0.349609	0.000438308	
0.350098	0.000437044	
0.350586	0.000435676	
0.351074	0.000434204	
0.351563	0.00043263	
0.352051	0.000430955	
0.352539	0.000429179	
0.353027	0.000427305	
0.353516	0.000425333	
0.354004	0.000423264	
0.354492	0.000421101	
0.35498	0.000418845	
0.355469	0.000416497	
0.355957	0.000414059	
0.356445	0.000411534	
0.356934	0.000408923	
0.357422	0.000406228	
0.35791	0.000403452	
0.358398	0.000400596	
0.358887	0.000397663	
0.359375	0.000394656	
0.359863	0.000391577	
0.360352	0.000388429	
0.36084	0.000385214	
0.361328	0.000381936	
0.361816	0.000378598	
0.362305	0.000375202	
0.362793	0.000371753	
0.363281	0.000368253	
0.36377	0.000364707	
0.364258	0.000361117	
0.364746	0.000357488	
0.365234	0.000353825	
0.365723	0.00035013	
0.366211	0.000346408	
0.366699	0.000342665	
0.367188	0.000338903	
0.367676	0.000335129	
0.368164	0.000331348	
0.368652	0.000327564	
0.369141	0.000323783	
0.369629	0.00032001	
0.370117	0.000316252	
0.370605	0.000312513	
0.371094	0.000308801	
0.371582	0.000305121	
0.37207	0.000301481	
0.372559	0.000297885	
0.373047	0.000294343	
0.373535	0.000290859	
0.374023	0.000287443	
0.374512	0.0002841	
0.375	0.000280838	
0.375488	0.000277665	
0.375977	0.000274588	
0.376465	0.000271616	
0.376953	0.000268755	
0.377441	0.000266013	
0.37793	0.000263398	
0.378418	0.000260917	
0.378906	0.000258578	
0.379395	0.000256387	
0.379883	0.000254352	
0.380371	0.000252479	
0.380859	0.000250774	
0.381348	0.000249243	
0.381836	0.000247892	
0.382324	0.000246724	
0.382813	0.000245744	
0.383301	0.000244955	
0.383789	0.000244361	
0.384277	0.000243963	
0.384766	0.000243762	
0.385254	0.00024376	
0.385742	0.000243955	
0.38623	0.000244346	
0.386719	0.000244933	
0.387207	0.000245712	
0.387695	0.000246681	
0.388184	0.000247835	
0.388672	0.000249169	
0.38916	0.00025068	
0.389648	0.00025236	
0.390137	0.000254205	
0.390625	0.000256207	
0.391113	0.00025836	
0.391602	0.000260657	
0.39209	0.000263089	
0.392578	0.000265651	
0.393066	0.000268334	
0.393555	0.00027113	
0.394043	0.000274033	
0.394531	0.000277032	
0.39502	0.000280123	
0.395508	0.000283295	
0.395996	0.000286543	
0.396484	0.000289858	
0.396973	0.000293234	
0.397461	0.000296662	
0.397949	0.000300137	
0.398438	0.000303651	
0.398926	0.000307197	
0.399414	0.000310769	
0.399902	0.000314362	
0.400391	0.000317968	
0.400879	0.000321582	
0.401367	0.000325198	
0.401855	0.000328811	
0.402344	0.000332415	
0.402832	0.000336005	
0.40332	0.000339577	
0.403809	0.000343124	
0.404297	0.000346644	
0.404785	0.000350131	
0.405273	0.000353582	
0.405762	0.000356991	
0.40625	0.000360355	
0.406738	0.00036367	
0.407227	0.000366933	
0.407715	0.00037014	
0.408203	0.000373288	
0.408691	0.000376373	
0.40918	0.000379392	
0.409668	0.000382343	
0.410156	0.000385222	
0.410645	0.000388026	
0.411133	0.000390754	
0.411621	0.000393402	
0.412109	0.000395969	
0.412598	0.000398451	
0.413086	0.000400847	
0.413574	0.000403155	
0.414063	0.000405373	
0.414551	0.000407498	
0.415039	0.00040953	
0.415527	0.000411466	
0.416016	0.000413305	
0.416504	0.000415046	
0.416992	0.000416687	
0.41748	0.000418227	
0.417969	0.000419664	
0.418457	0.000420998	
0.418945	0.000422228	
0.419434	0.000423353	
0.419922	0.000424372	
0.42041	0.000425284	
0.420898	0.000426089	
0.421387	0.000426786	
0.421875	0.000427376	
0.422363	0.000427856	
0.422852	0.000428228	
0.42334	0.000428491	
0.423828	0.000428646	
0.424316	0.000428691	
0.424805	0.000428628	
0.425293	0.000428456	
0.425781	0.000428176	
0.42627	0.000427788	
0.426758	0.000427293	
0.427246	0.000426692	
0.427734	0.000425985	
0.428223	0.000425172	
0.428711	0.000424256	
0.429199	0.000423236	
0.429688	0.000422115	
0.430176	0.000420892	
0.430664	0.00041957	
0.431152	0.00041815	
0.431641	0.000416634	
0.432129	0.000415022	
0.432617	0.000413318	
0.433105	0.000411522	
0.433594	0.000409636	
0.434082	0.000407664	
0.43457	0.000405607	
0.435059	0.000403467	
0.435547	0.000401247	
0.436035	0.000398949	
0.436523	0.000396577	
0.437012	0.000394132	
0.4375	0.000391619	
0.437988	0.000389039	
0.438477	0.000386397	
0.438965	0.000383696	
0.439453	0.000380939	
0.439941	0.000378131	
0.44043	0.000375274	
0.440918	0.000372373	
0.441406	0.000369433	
0.441895	0.000366457	
0.442383	0.000363449	
0.442871	0.000360416	
0.443359	0.000357361	
0.443848	0.00035429	
0.444336	0.000351207	
0.444824	0.000348118	
0.445313	0.000345029	
0.445801	0.000341945	
0.446289	0.000338873	
0.446777	0.000335817	
0.447266	0.000332784	
0.447754	0.000329782	
0.448242	0.000326815	
0.44873	0.000323891	
0.449219	0.000321016	
0.449707	0.000318198	
0.450195	0.000315442	
0.450684	0.000312757	
0.451172	0.000310149	
0.45166	0.000307626	
0.452148	0.000305194	
0.452637	0.00030286	
0.453125	0.000300632	
0.453613	0.000298516	
0.454102	0.00029652	
0.45459	0.000294649	
0.455078	0.000292911	
0.455566	0.000291311	
0.456055	0.000289856	
0.456543	0.00028855	
0.457031	0.000287399	
0.45752	0.000286408	
0.458008	0.000285581	
0.458496	0.000284922	
0.458984	0.000284433	
0.459473	0.000284118	
0.459961	0.000283979	
0.460449	0.000284017	
0.460938	0.000284232	
0.461426	0.000284626	
0.461914	0.000285197	
0.462402	0.000285945	
0.462891	0.000286868	
0.463379	0.000287963	
0.463867	0.000289228	
0.464355	0.00029066	
0.464844	0.000292254	
0.465332	0.000294005	
0.46582	0.00029591	
0.466309	0.000297963	
0.466797	0.000300158	
0.467285	0.00030249	
0.467773	0.000304952	
0.468262	0.000307537	
0.46875	0.00031024	
0.469238	0.000313053	
0.469727	0.00031597	
0.470215	0.000318984	
0.470703	0.000322086	
0.471191	0.000325272	
0.47168	0.000328532	
0.472168	0.000331861	
0.472656	0.000335252	
0.473145	0.000338697	
0.473633	0.00034219	
0.474121	0.000345723	
0.474609	0.000349291	
0.475098	0.000352887	
0.475586	0.000356504	
0.476074	0.000360136	
0.476563	0.000363777	
0.477051	0.000367421	
0.477539	0.000371063	
0.478027	0.000374696	
0.478516	0.000378315	
0.479004	0.000381914	
0.479492	0.000385489	
0.47998	0.000389034	
0.480469	0.000392545	
0.480957	0.000396016	
0.481445	0.000399443	
0.481934	0.000402821	
0.482422	0.000406147	
0.48291	0.000409415	
0.483398	0.000412622	
0.483887	0.000415764	
0.484375	0.000418836	
0.484863	0.000421836	
0.485352	0.00042476	
0.48584	0.000427604	
0.486328	0.000430365	
0.486816	0.00043304	
0.487305	0.000435625	
0.487793	0.000438119	
0.488281	0.000440517	
0.48877	0.000442818	
0.489258	0.000445019	
0.489746	0.000447117	
0.490234	0.00044911	
0.490723	0.000450996	
0.491211	0.000452773	
0.491699	0.000454438	
0.492188	0.000455991	
0.492676	0.000457428	
0.493164	0.000458748	
0.493652	0.000459951	
0.494141	0.000461034	
0.494629	0.000461995	
0.495117	0.000462835	
0.495605	0.000463551	
0.496094	0.000464143	
0.496582	0.00046461	
0.49707	0.00046495	
0.497559	0.000465164	
0.498047	0.000465251	
0.498535	0.00046521	
0.499023	0.00046504	
0.499512	0.000464743	
0.5	0.000464316	
0.500488	0.000463762	
0.500977	0.000463078	
0.501465	0.000462267	
0.501953	0.000461328	
0.502441	0.000460261	
0.50293	0.000459067	
0.503418	0.000457747	
0.503906	0.000456301	
0.504395	0.000454731	
0.504883	0.000453038	
0.505371	0.000451222	
0.505859	0.000449285	
0.506348	0.000447228	
0.506836	0.000445053	
0.507324	0.000442762	
0.507813	0.000440356	
0.508301	0.000437838	
0.508789	0.000435209	
0.509277	0.000432473	
0.509766	0.00042963	
0.510254	0.000426684	
0.510742	0.000423638	
0.51123	0.000420494	
0.511719	0.000417255	
0.512207	0.000413925	
0.512695	0.000410508	
0.513184	0.000407006	
0.513672	0.000403424	
0.51416	0.000399765	
0.514648	0.000396034	
0.515137	0.000392235	
0.515625	0.000388373	
0.516113	0.000384453	
0.516602	0.00038048	
0.51709	0.000376458	
0.517578	0.000372394	
0.518066	0.000368294	
0.518555	0.000364164	
0.519043	0.000360009	
0.519531	0.000355837	
0.52002	0.000351655	
0.520508	0.00034747	
0.520996	0.000343289	
0.521484	0.00033912	
0.521973	0.000334972	
0.522461	0.000330853	
0.522949	0.000326772	
0.523438	0.000322738	
0.523926	0.00031876	
0.524414	0.000314848	
0.524902	0.000311012	
0.525391	0.000307262	
0.525879	0.00030361	
0.526367	0.000300064	
0.526855	0.000296637	
0.527344	0.000293339	
0.527832	0.000290181	
0.52832	0.000287175	
0.528809	0.000284331	
0.529297	0.00028166	
0.529785	0.000279173	
0.530273	0.00027688	
0.530762	0.000274791	
0.53125	0.000272915	
0.531738	0.000271262	
0.532227	0.000269838	
0.532715	0.000268652	
0.533203	0.00026771	
0.533691	0.000267017	
0.53418	0.000266577	
0.534668	0.000266394	
0.535156	0.00026647	
0.535645	0.000266805	
0.536133	0.000267399	
0.536621	0.000268251	
0.537109	0.000269358	
0.537598	0.000270715	
0.538086	0.000272318	
0.538574	0.000274162	
0.539063	0.000276238	
0.539551	0.00027854	
0.540039	0.000281059	
0.540527	0.000283787	
0.541016	0.000286712	
0.541504	0.000289826	
0.541992	0.000293118	
0.54248	0.000296578	
0.542969	0.000300194	
0.543457	0.000303956	
0.543945	0.000307853	
0.544434	0.000311874	
0.544922	0.000316008	
0.54541	0.000320245	
0.545898	0.000324573	
0.546387	0.000328984	
0.546875	0.000333465	
0.547363	0.000338009	
0.547852	0.000342604	
0.54834	0.000347242	
0.548828	0.000351914	
0.549316	0.00035661	
0.549805	0.000361322	
0.550293	0.000366042	
0.550781	0.000370762	
0.55127	0.000375474	
0.551758	0.000380171	
0.552246	0.000384845	
0.552734	0.000389489	
0.553223	0.000394097	
0.553711	0.000398662	
0.554199	0.000403178	
0.554688	0.00040764	
0.555176	0.00041204	
0.555664	0.000416373	
0.556152	0.000420635	
0.556641	0.00042482	
0.557129	0.000428923	
0.557617	0.000432939	
0.558105	0.000436863	
0.558594	0.000440691	
0.559082	0.00044442	
0.55957	0.000448044	
0.560059	0.000451559	
0.560547	0.000454963	
0.561035	0.000458251	
0.561523	0.00046142	
0.562012	0.000464467	
0.5625	0.000467388	
0.562988	0.00047018	
0.563477	0.000472841	
0.563965	0.000475368	
0.564453	0.000477758	
0.564941	0.000480008	
0.56543	0.000482117	
0.565918	0.000484082	
0.566406	0.000485901	
0.566895	0.000487572	
0.567383	0.000489094	
0.567871	0.000490464	
0.568359	0.000491681	
0.568848	0.000492743	
0.569336	0.00049365	
0.569824	0.000494401	
0.570313	0.000494993	
0.570801	0.000495427	
0.571289	0.000495701	
0.571777	0.000495814	
0.572266	0.000495767	
0.572754	0.000495559	
0.573242	0.000495189	
0.57373	0.000494658	
0.574219	0.000493965	
0.574707	0.00049311	
0.575195	0.000492095	
0.575684	0.000490918	
0.576172	0.000489581	
0.57666	0.000488084	
0.577148	0.000486428	
0.577637	0.000484615	
0.578125	0.000482644	
0.578613	0.000480518	
0.579102	0.000478237	
0.57959	0.000475804	
0.580078	0.000473219	
0.580566	0.000470485	
0.581055	0.000467604	
0.581543	0.000464578	
0.582031	0.000461409	
0.58252	0.0004581	
0.583008	0.000454653	
0.583496	0.000451072	
0.583984	0.000447358	
0.584473	0.000443517	
0.584961	0.00043955	
0.585449	0.000435462	
0.585938	0.000431257	
0.586426	0.000426939	
0.586914	0.000422512	
0.587402	0.00041798	
0.587891	0.000413349	
0.588379	0.000408625	
0.588867	0.000403811	
0.589355	0.000398914	
0.589844	0.00039394	
0.590332	0.000388896	
0.59082	0.000383788	
0.591309	0.000378624	
0.591797	0.00037341	
0.592285	0.000368155	
0.592773	0.000362866	
0.593262	0.000357554	
0.59375	0.000352227	
0.594238	0.000346895	
0.594727	0.000341568	
0.595215	0.000336257	
0.595703	0.000330973	
0.596191	0.000325728	
0.59668	0.000320535	
0.597168	0.000315407	
0.597656	0.000310358	
0.598145	0.000305402	
0.598633	0.000300554	
0.599121	0.000295829	
0.599609	0.000291244	
0.600098	0.000286815	
0.600586	0.000282559	
0.601074	0.000278493	
0.601563	0.000274636	
0.602051	0.000271004	
0.602539	0.000267615	
0.603027	0.000264487	
0.603516	0.000261637	
0.604004	0.00025908	
0.604492	0.000256833	
0.60498	0.000254909	
0.605469	0.000253321	
0.605957	0.000252082	
0.606445	0.0002512	
0.606934	0.000250683	
0.607422	0.000250537	
0.60791	0.000250764	
0.608398	0.000251365	
0.608887	0.000252339	
0.609375	0.000253682	
0.609863	0.000255388	
0.610352	0.000257449	
0.61084	0.000259856	
0.611328	0.000262596	
0.611816	0.000265656	
0.612305	0.000269022	
0.612793	0.00027268	
0.613281	0.000276613	
0.61377	0.000280804	
0.614258	0.000285237	
0.614746	0.000289895	
0.615234	0.00029476	
0.615723	0.000299817	
0.616211	0.000305048	
0.616699	0.000310437	
0.617188	0.000315968	
0.617676	0.000321625	
0.618164	0.000327394	
0.618652	0.00033326	
0.619141	0.00033921	
0.619629	0.000345229	
0.620117	0.000351305	
0.620605	0.000357426	
0.621094	0.00036358	
0.621582	0.000369755	
0.62207	0.00037594	
0.622559	0.000382126	
0.623047	0.000388302	
0.623535	0.000394458	
0.624023	0.000400587	
0.624512	0.000406678	
0.625	0.000412723	
0.625488	0.000418715	
0.625977	0.000424646	
0.626465	0.000430509	
0.626953	0.000436295	
0.627441	0.000442	
0.62793	0.000447615	
0.628418	0.000453136	
0.628906	0.000458555	
0.629395	0.000463868	
0.629883	0.000469069	
0.630371	0.000474152	
0.630859	0.000479112	
0.631348	0.000483945	
0.631836	0.000488645	
0.632324	0.000493209	
0.632813	0.000497632	
0.633301	0.000501911	
0.633789	0.00050604	
0.634277	0.000510016	
0.634766	0.000513836	
0.635254	0.000517496	
0.635742	0.000520993	
0.63623	0.000524324	
0.636719	0.000527486	
0.637207	0.000530476	
0.637695	0.000533291	
0.638184	0.000535929	
0.638672	0.000538388	
0.63916	0.000540665	
0.639648	0.000542759	
0.640137	0.000544666	
0.640625	0.000546386	
0.641113	0.000547917	
0.641602	0.000549258	
0.64209	0.000550406	
0.642578	0.000551362	
0.643066	0.000552123	
0.643555	0.000552689	
0.644043	0.000553059	
0.644531	0.000553233	
0.64502	0.000553209	
0.645508	0.000552988	
0.645996	0.000552569	
0.646484	0.000551953	
0.646973	0.000551139	
0.647461	0.000550128	
0.647949	0.00054892	
0.648438	0.000547515	
0.648926	0.000545914	
0.649414	0.000544119	
0.649902	0.00054213	
0.650391	0.000539948	
0.650879	0.000537575	
0.651367	0.000535012	
0.651855	0.000532261	
0.652344	0.000529323	
0.652832	0.000526201	
0.65332	0.000522897	
0.653809	0.000519413	
0.654297	0.000515753	
0.654785	0.000511917	
0.655273	0.000507911	
0.655762	0.000503736	
0.65625	0.000499397	
0.656738	0.000494896	
0.657227	0.000490238	
0.657715	0.000485427	
0.658203	0.000480468	
0.658691	0.000475364	
0.65918	0.000470121	
0.659668	0.000464743	
0.660156	0.000459238	
0.660645	0.000453609	
0.661133	0.000447864	
0.661621	0.000442009	
0.662109	0.00043605	
0.662598	0.000429996	
0.663086	0.000423853	
0.663574	0.000417631	
0.664063	0.000411337	
0.664551	0.000404981	
0.665039	0.000398572	
0.665527	0.000392121	
0.666016	0.000385639	
0.666504	0.000379136	
0.666992	0.000372627	
0.66748	0.000366122	
0.667969	0.000359636	
0.668457	0.000353184	
0.668945	0.000346781	
0.669434	0.000340444	
0.669922	0.000334188	
0.67041	0.000328033	
0.670898	0.000321998	
0.671387	0.000316103	
0.671875	0.000310368	
0.672363	0.000304816	
0.672852	0.000299469	
0.67334	0.000294351	
0.673828	0.000289486	
0.674316	0.000284898	
0.674805	0.000280612	
0.675293	0.000276653	
0.675781	0.000273044	
0.67627	0.000269811	
0.676758	0.000266974	
0.677246	0.000264556	
0.677734	0.000262574	
0.678223	0.000261046	
0.678711	0.000259986	
0.679199	0.000259404	
0.679688	0.000259308	
0.680176	0.000259701	
0.680664	0.000260585	
0.681152	0.000261955	
0.681641	0.000263805	
0.682129	0.000266124	
0.682617	0.0002689	
0.683105	0.000272116	
0.683594	0.000275754	
0.684082	0.000279795	
0.68457	0.000284216	
0.685059	0.000288996	
0.685547	0.000294111	
0.686035	0.000299538	
0.686523	0.000305253	
0.687012	0.000311232	
0.6875	0.000317453	
0.687988	0.000323893	
0.688477	0.00033053	
0.688965	0.000337343	
0.689453	0.000344312	
0.689941	0.000351417	
0.69043	0.000358639	
0.690918	0.000365961	
0.691406	0.000373365	
0.691895	0.000380836	
0.692383	0.000388358	
0.692871	0.000395916	
0.693359	0.000403497	
0.693848	0.000411087	
0.694336	0.000418673	
0.694824	0.000426244	
0.695313	0.000433787	
0.695801	0.000441293	
0.696289	0.00044875	
0.696777	0.00045615	
0.697266	0.000463481	
0.697754	0.000470736	
0.698242	0.000477906	
0.69873	0.000484981	
0.699219	0.000491955	
0.699707	0.00049882	
0.700195	0.000505568	
0.700684	0.000512193	
0.701172	0.000518688	
0.70166	0.000525045	
0.702148	0.00053126	
0.702637	0.000537327	
0.703125	0.000543238	
0.703613	0.00054899	
0.704102	0.000554577	
0.70459	0.000559993	
0.705078	0.000565235	
0.705566	0.000570297	
0.706055	0.000575174	
0.706543	0.000579864	
0.707031	0.000584361	
0.70752	0.000588661	
0.708008	0.000592762	
0.708496	0.000596659	
0.708984	0.00060035	
0.709473	0.00060383	
0.709961	0.000607097	
0.710449	0.000610148	
0.710938	0.00061298	
0.711426	0.000615592	
0.711914	0.000617979	
0.712402	0.000620141	
0.712891	0.000622075	
0.713379	0.000623779	
0.713867	0.000625252	
0.714355	0.000626492	
0.714844	0.000627497	
0.715332	0.000628266	
0.71582	0.000628798	
0.716309	0.000629092	
0.716797	0.000629148	
0.717285	0.000628964	
0.717773	0.000628541	
0.718262	0.000627877	
0.71875	0.000626972	
0.719238	0.000625828	
0.719727	0.000624443	
0.720215	0.000622818	
0.720703	0.000620954	
0.721191	0.000618851	
0.72168	0.00061651	
0.722168	0.000613931	
0.722656	0.000611117	
0.723145	0.000608069	
0.723633	0.000604787	
0.724121	0.000601274	
0.724609	0.000597532	
0.725098	0.000593562	
0.725586	0.000589367	
0.726074	0.000584949	
0.726563	0.000580311	
0.727051	0.000575456	
0.727539	0.000570387	
0.728027	0.000565106	
0.728516	0.000559618	
0.729004	0.000553927	
0.729492	0.000548035	
0.72998	0.000541948	
0.730469	0.00053567	
0.730957	0.000529206	
0.731445	0.00052256	
0.731934	0.000515738	
0.732422	0.000508746	
0.73291	0.00050159	
0.733398	0.000494276	
0.733887	0.00048681	
0.734375	0.000479201	
0.734863	0.000471455	
0.735352	0.00046358	
0.73584	0.000455586	
0.736328	0.000447481	
0.736816	0.000439274	
0.737305	0.000430977	
0.737793	0.0004226	
0.738281	0.000414155	
0.73877	0.000405655	
0.739258	0.000397112	
0.739746	0.000388542	
0.740234	0.00037996	
0.740723	0.000371383	
0.741211	0.000362829	
0.741699	0.000354316	
0.742188	0.000345867	
0.742676	0.000337503	
0.743164	0.000329248	
0.743652	0.00032113	
0.744141	0.000313175	
0.744629	0.000305414	
0.745117	0.00029788	
0.745605	0.000290606	
0.746094	0.000283629	
0.746582	0.000276988	
0.74707	0.000270723	
0.747559	0.000264876	
0.748047	0.000259488	
0.748535	0.000254603	
0.749023	0.000250262	
0.749512	0.000246506	
0.75	0.000243373	
0.750488	0.000240896	
0.750977	0.000239104	
0.751465	0.00023802	
0.751953	0.000237659	
0.752441	0.00023803	
0.75293	0.000239132	
0.753418	0.000240956	
0.753906	0.000243487	
0.754395	0.000246703	
0.754883	0.000250576	
0.755371	0.000255071	
0.755859	0.000260153	
0.756348	0.000265782	
0.756836	0.000271918	
0.757324	0.000278519	
0.757813	0.000285546	
0.758301	0.000292957	
0.758789	0.000300715	
0.759277	0.000308783	
0.759766	0.000317125	
0.760254	0.000325708	
0.760742	0.000334502	
0.76123	0.000343477	
0.761719	0.000352605	
0.762207	0.000361862	
0.762695	0.000371223	
0.763184	0.000380666	
0.763672	0.00039017	
0.76416	0.000399716	
0.764648	0.000409286	
0.765137	0.000418863	
0.765625	0.000428431	
0.766113	0.000437975	
0.766602	0.00044748	
0.76709	0.000456935	
0.767578	0.000466325	
0.768066	0.000475639	
0.768555	0.000484866	
0.769043	0.000493996	
0.769531	0.000503018	
0.77002	0.000511922	
0.770508	0.000520699	
0.770996	0.000529341	
0.771484	0.000537839	
0.771973	0.000546185	
0.772461	0.000554372	
0.772949	0.000562392	
0.773438	0.000570237	
0.773926	0.000577902	
0.774414	0.000585379	
0.774902	0.000592663	
0.775391	0.000599748	
0.775879	0.000606627	
0.776367	0.000613295	
0.776855	0.000619747	
0.777344	0.000625978	
0.777832	0.000631983	
0.77832	0.000637757	
0.778809	0.000643296	
0.779297	0.000648595	
0.779785	0.000653651	
0.780273	0.000658459	
0.780762	0.000663016	
0.78125	0.000667319	
0.781738	0.000671363	
0.782227	0.000675146	
0.782715	0.000678664	
0.783203	0.000681915	
0.783691	0.000684897	
0.78418	0.000687606	
0.784668	0.00069004	
0.785156	0.000692198	
0.785645	0.000694077	
0.786133	0.000695676	
0.786621	0.000696992	
0.787109	0.000698025	
0.787598	0.000698773	
0.788086	0.000699235	
0.788574	0.00069941	
0.789063	0.000699297	
0.789551	0.000698896	
0.790039	0.000698207	
0.790527	0.000697228	
0.791016	0.000695961	
0.791504	0.000694405	
0.791992	0.00069256	
0.79248	0.000690427	
0.792969	0.000688007	
0.793457	0.000685301	
0.793945	0.000682309	
0.794434	0.000679033	
0.794922	0.000675474	
0.79541	0.000671633	
0.795898	0.000667514	
0.796387	0.000663117	
0.796875	0.000658445	
0.797363	0.0006535	
0.797852	0.000648286	
0.79834	0.000642804	
0.798828	0.000637058	
0.799316	0.000631051	
0.799805	0.000624788	
0.800293	0.00061827	
0.800781	0.000611504	
0.80127	0.000604492	
0.801758	0.00059724	
0.802246	0.000589752	
0.802734	0.000582035	
0.803223	0.000574092	
0.803711	0.00056593	
0.804199	0.000557555	
0.804688	0.000548974	
0.805176	0.000540194	
0.805664	0.000531222	
0.806152	0.000522065	
0.806641	0.000512733	
0.807129	0.000503234	
0.807617	0.000493578	
0.808105	0.000483774	
0.808594	0.000473834	
0.809082	0.000463769	
0.80957	0.000453591	
0.810059	0.000443314	
0.810547	0.000432953	
0.811035	0.000422523	
0.811523	0.00041204	
0.812012	0.000401523	
0.8125	0.000390993	
0.812988	0.00038047	
0.813477	0.000369979	
0.813965	0.000359545	
0.814453	0.000349197	
0.814941	0.000338966	
0.81543	0.000328887	
0.815918	0.000318997	
0.816406	0.000309338	
0.816895	0.000299955	
0.817383	0.000290898	
0.817871	0.00028222	
0.818359	0.000273979	
0.818848	0.000266237	
0.819336	0.00025906	
0.819824	0.000252515	
0.820313	0.000246671	
0.820801	0.000241598	
0.821289	0.000237359	
0.821777	0.000234016	
0.822266	0.00023162	
0.822754	0.000230213	
0.823242	0.000229823	
0.82373	0.000230462	
0.824219	0.000232127	
0.824707	0.000234802	
0.825195	0.000238454	
0.825684	0.00024304	
0.826172	0.000248506	
0.82666	0.000254793	
0.827148	0.000261836	
0.827637	0.000269571	
0.828125	0.000277931	
0.828613	0.000286854	
0.829102	0.000296278	
0.82959	0.000306146	
0.830078	0.000316404	
0.830566	0.000327002	
0.831055	0.000337894	
0.831543	0.000349039	
0.832031	0.000360397	
0.83252	0.000371932	
0.833008	0.000383614	
0.833496	0.000395411	
0.833984	0.000407297	
0.834473	0.000419245	
0.834961	0.000431234	
0.835449	0.000443242	
0.835938	0.000455248	
0.836426	0.000467235	
0.836914	0.000479184	
0.837402	0.000491081	
0.837891	0.000502909	
0.838379	0.000514655	
0.838867	0.000526305	
0.839355	0.000537847	
0.839844	0.000549268	
0.840332	0.000560557	
0.84082	0.000571704	
0.841309	0.000582697	
0.841797	0.000593527	
0.842285	0.000604185	
0.842773	0.000614661	
0.843262	0.000624947	
0.84375	0.000635034	
0.844238	0.000644915	
0.844727	0.000654581	
0.845215	0.000664025	
0.845703	0.000673241	
0.846191	0.00068222	
0.84668	0.000690957	
0.847168	0.000699445	
0.847656	0.000707678	
0.848145	0.000715649	
0.848633	0.000723354	
0.849121	0.000730787	
0.849609	0.000737941	
0.850098	0.000744814	
0.850586	0.000751398	
0.851074	0.00075769	
0.851563	0.000763685	
0.852051	0.000769379	
0.852539	0.000774768	
0.853027	0.000779848	
0.853516	0.000784614	
0.854004	0.000789065	
0.854492	0.000793195	
0.85498	0.000797002	
0.855469	0.000800484	
0.855957	0.000803637	
0.856445	0.000806458	
0.856934	0.000808946	
0.857422	0.000811098	
0.85791	0.000812911	
0.858398	0.000814385	
0.858887	0.000815518	
0.859375	0.000816307	
0.859863	0.000816752	
0.860352	0.000816852	
0.86084	0.000816605	
0.861328	0.000816012	
0.861816	0.000815071	
0.862305	0.000813783	
0.862793	0.000812146	
0.863281	0.000810162	
0.86377	0.00080783	
0.864258	0.000805152	
0.864746	0.000802127	
0.865234	0.000798756	
0.865723	0.000795042	
0.866211	0.000790984	
0.866699	0.000786585	
0.867188	0.000781846	
0.867676	0.00077677	
0.868164	0.000771357	
0.868652	0.000765612	
0.869141	0.000759536	
0.869629	0.000753132	
0.870117	0.000746404	
0.870605	0.000739354	
0.871094	0.000731986	
0.871582	0.000724305	
0.87207	0.000716314	
0.872559	0.000708017	
0.873047	0.000699419	
0.873535	0.000690526	
0.874023	0.000681341	
0.874512	0.000671872	
0.875	0.000662123	
0.875488	0.000652101	
0.875977	0.000641813	
0.876465	0.000631265	
0.876953	0.000620464	
0.877441	0.00060942	
0.87793	0.000598139	
0.878418	0.000586631	
0.878906	0.000574905	
0.879395	0.000562972	
0.879883	0.000550841	
0.880371	0.000538524	
0.880859	0.000526034	
0.881348	0.000513383	
0.881836	0.000500586	
0.882324	0.000487658	
0.882813	0.000474616	
0.883301	0.000461478	
0.883789	0.000448263	
0.884277	0.000434993	
0.884766	0.000421693	
0.885254	0.000408389	
0.885742	0.000395109	
0.88623	0.000381887	
0.886719	0.000368759	
0.887207	0.000355766	
0.887695	0.000342954	
0.888184	0.000330374	
0.888672	0.000318085	
0.88916	0.000306152	
0.889648	0.000294649	
0.890137	0.000283656	
0.890625	0.000273267	
0.891113	0.000263579	
0.891602	0.0002547	
0.89209	0.000246745	
0.892578	0.000239829	
0.893066	0.000234068	
0.893555	0.00022957	
0.894043	0.000226429	
0.894531	0.000224719	
0.89502	0.000224485	
0.895508	0.000225744	
0.895996	0.00022848	
0.896484	0.000232645	
0.896973	0.000238168	
0.897461	0.000244957	
0.897949	0.000252909	
0.898438	0.000261912	
0.898926	0.000271855	
0.899414	0.000282632	
0.899902	0.000294139	
0.900391	0.000306283	
0.900879	0.000318977	
0.901367	0.000332144	
0.901855	0.000345714	
0.902344	0.000359624	
0.902832	0.000373818	
0.90332	0.000388246	
0.903809	0.000402864	
0.904297	0.000417631	
0.904785	0.000432512	
0.905273	0.000447475	
0.905762	0.000462489	
0.90625	0.000477528	
0.906738	0.000492566	
0.907227	0.000507583	
0.907715	0.000522556	
0.908203	0.000537467	
0.908691	0.000552298	
0.90918	0.000567031	
0.909668	0.00058165	
0.910156	0.000596142	
0.910645	0.000610492	
0.911133	0.000624686	
0.911621	0.000638713	
0.912109	0.000652559	
0.912598	0.000666214	
0.913086	0.000679666	
0.913574	0.000692904	
0.914063	0.00070592	
0.914551	0.000718702	
0.915039	0.000731241	
0.915527	0.000743529	
0.916016	0.000755556	
0.916504	0.000767314	
0.916992	0.000778795	
0.91748	0.000789991	
0.917969	0.000800895	
0.918457	0.000811498	
0.918945	0.000821794	
0.919434	0.000831777	
0.919922	0.000841438	
0.92041	0.000850772	
0.920898	0.000859773	
0.921387	0.000868434	
0.921875	0.00087675	
0.922363	0.000884716	
0.922852	0.000892325	
0.92334	0.000899573	
0.923828	0.000906455	
0.924316	0.000912966	
0.924805	0.000919102	
0.925293	0.000924858	
0.925781	0.000930231	
0.92627	0.000935216	
0.926758	0.000939809	
0.927246	0.000944008	
0.927734	0.000947809	
0.928223	0.000951209	
0.928711	0.000954206	
0.929199	0.000956795	
0.929688	0.000958976	
0.930176	0.000960746	
0.930664	0.000962103	
0.931152	0.000963045	
0.931641	0.000963571	
0.932129	0.000963679	
0.932617	0.000963369	
0.933105	0.000962639	
0.933594	0.000961488	
0.934082	0.000959917	
0.93457	0.000957925	
0.935059	0.000955512	
0.935547	0.000952678	
0.936035	0.000949423	
0.936523	0.000945749	
0.937012	0.000941656	
0.9375	0.000937146	
0.937988	0.000932219	
0.938477	0.000926878	
0.938965	0.000921124	
0.939453	0.000914959	
0.939941	0.000908386	
0.94043	0.000901407	
0.940918	0.000894024	
0.941406	0.000886242	
0.941895	0.000878063	
0.942383	0.000869491	
0.942871	0.00086053	
0.943359	0.000851183	
0.943848	0.000841456	
0.944336	0.000831353	
0.944824	0.000820878	
0.945313	0.000810038	
0.945801	0.000798837	
0.946289	0.000787281	
0.946777	0.000775378	
0.947266	0.000763132	
0.947754	0.000750552	
0.948242	0.000737644	
0.94873	0.000724416	
0.949219	0.000710876	
0.949707	0.000697033	
0.950195	0.000682896	
0.950684	0.000668475	
0.951172	0.000653779	
0.95166	0.00063882	
0.952148	0.00062361	
0.952637	0.000608159	
0.953125	0.000592483	
0.953613	0.000576594	
0.954102	0.000560509	
0.95459	0.000544244	
0.955078	0.000527817	
0.955566	0.000511248	
0.956055	0.000494559	
0.956543	0.000477773	
0.957031	0.000460919	
0.95752	0.000444024	
0.958008	0.000427124	
0.958496	0.000410257	
0.958984	0.000393466	
0.959473	0.000376801	
0.959961	0.000360319	
0.960449	0.000344088	
0.960938	0.000328186	
0.961426	0.000312703	
0.961914	0.000297744	
0.962402	0.000283434	
0.962891	0.000269916	
0.963379	0.000257352	
0.963867	0.000245926	
0.964355	0.000235841	
0.964844	0.000227309	
0.965332	0.000220541	
0.96582	0.000215731	
0.966309	0.000213038	
0.966797	0.000212562	
0.967285	0.000214336	
0.967773	0.000218315	
0.968262	0.000224393	
0.96875	0.000232407	
0.969238	0.000242166	
0.969727	0.000253465	
0.970215	0.000266102	
0.970703	0.000279886	
0.971191	0.000294644	
0.97168	0.000310223	
0.972168	0.000326489	
0.972656	0.000343326	
0.973145	0.000360636	
0.973633	0.000378331	
0.974121	0.000396338	
0.974609	0.000414594	
0.975098	0.000433041	
0.975586	0.000451633	
0.976074	0.000470326	
0.976563	0.000489081	
0.977051	0.000507866	
0.977539	0.000526649	
0.978027	0.000545403	
0.978516	0.000564103	
0.979004	0.000582725	
0.979492	0.000601248	
0.97998	0.000619653	
0.980469	0.000637921	
0.980957	0.000656034	
0.981445	0.000673976	
0.981934	0.000691731	
0.982422	0.000709285	
0.98291	0.000726624	
0.983398	0.000743734	
0.983887	0.000760602	
0.984375	0.000777216	
0.984863	0.000793564	
0.985352	0.000809634	
0.98584	0.000825416	
0.986328	0.000840898	
0.986816	0.00085607	
0.987305	0.000870922	
0.987793	0.000885444	
0.988281	0.000899627	
0.98877	0.000913461	
0.989258	0.000926938	
0.989746	0.000940049	
0.990234	0.000952785	
0.990723	0.000965138	
0.991211	0.000977101	
0.991699	0.000988665	
0.992188	0.000999824	
0.992676	0.00101057	
0.993164	0.00102089	
0.993652	0.00103079	
0.994141	0.00104026	
0.994629	0.00104929	
0.995117	0.00105787	
0.995605	0.001066	
0.996094	0.00107367	
0.996582	0.00108088	
0.99707	0.00108762	
0.997559	0.0010939	
0.998047	0.00109969	
0.998535	0.001105	
0.999023	0.00110983	
0.999512	0.00111417	
1	0.00111802	
1.00049	0.00112137	
1.00098	0.00112422	
1.00146	0.00112657	
1.00195	0.00112841	
1.00244	0.00112975	
1.00293	0.00113058	
1.00342	0.00113089	
1.00391	0.00113069	
1.00439	0.00112998	
1.00488	0.00112875	
1.00537	0.001127	
1.00586	0.00112474	
1.00635	0.00112196	
1.00684	0.00111866	
1.00732	0.00111484	
1.00781	0.00111051	
1.0083	0.00110566	
1.00879	0.00110029	
1.00928	0.0010944	
1.00977	0.00108801	
1.01025	0.0010811	
1.01074	0.00107368	
1.01123	0.00106575	
1.01172	0.00105732	
1.01221	0.00104839	
1.0127	0.00103896	
1.01318	0.00102903	
1.01367	0.00101861	
1.01416	0.0010077	
1.01465	0.000996306	
1.01514	0.000984433	
1.01563	0.000972086	
1.01611	0.00095927	
1.0166	0.000945989	
1.01709	0.000932251	
1.01758	0.00091806	
1.01807	0.000903424	
1.01855	0.000888348	
1.01904	0.000872842	
1.01953	0.000856911	
1.02002	0.000840564	
1.02051	0.00082381	
1.021	0.000806657	
1.02148	0.000789115	
1.02197	0.000771193	
1.02246	0.000752902	
1.02295	0.000734254	
1.02344	0.000715259	
1.02393	0.00069593	
1.02441	0.000676281	
1.0249	0.000656327	
1.02539	0.000636081	
1.02588	0.000615562	
1.02637	0.000594787	
1.02686	0.000573777	
1.02734	0.000552552	
1.02783	0.000531139	
1.02832	0.000509563	
1.02881	0.000487856	
1.0293	0.000466053	
1.02979	0.000444196	
1.03027	0.000422332	
1.03076	0.000400516	
1.03125	0.000378818	
1.03174	0.000357317	
1.03223	0.000336113	
1.03271	0.000315328	
1.0332	0.000295115	
1.03369	0.000275664	
1.03418	0.000257213	
1.03467	0.000240059	
1.03516	0.000224564	
1.03564	0.000211157	
1.03613	0.000200322	
1.03662	0.000192549	
1.03711	0.000188272	
1.0376	0.000187776	
1.03809	0.000191131	
1.03857	0.000198171	
1.03906	0.000208547	
1.03955	0.000221807	
1.04004	0.000237479	
1.04053	0.000255121	
1.04102	0.000274352	
1.0415	0.000294854	
1.04199	0.000316372	
1.04248	0.000338696	
1.04297	0.000361663	
1.04346	0.000385137	
1.04395	0.000409011	
1.04443	0.000433194	
1.04492	0.000457613	
1.04541	0.000482206	
1.0459	0.000506919	
1.04639	0.000531707	
1.04688	0.00055653	
1.04736	0.000581352	
1.04785	0.000606143	
1.04834	0.000630872	
1.04883	0.000655516	
1.04932	0.000680048	
1.0498	0.000704448	
1.05029	0.000728694	
1.05078	0.000752766	
1.05127	0.000776647	
1.05176	0.000800318	
1.05225	0.000823762	
1.05273	0.000846964	
1.05322	0.000869907	
1.05371	0.000892577	
1.0542	0.000914959	
1.05469	0.000937038	
1.05518	0.000958801	
1.05566	0.000980235	
1.05615	0.00100133	
1.05664	0.00102206	
1.05713	0.00104243	
1.05762	0.00106242	
1.05811	0.00108201	
1.05859	0.0011012	
1.05908	0.00111998	
1.05957	0.00113833	
1.06006	0.00115625	
1.06055	0.00117371	
1.06104	0.00119072	
1.06152	0.00120727	
1.06201	0.00122333	
1.0625	0.00123891	
1.06299	0.00125399	
1.06348	0.00126856	
1.06396	0.00128262	
1.06445	0.00129616	
1.06494	0.00130916	
1.06543	0.00132163	
1.06592	0.00133354	
1.06641	0.0013449	
1.06689	0.0013557	
1.06738	0.00136593	
1.06787	0.00137558	
1.06836	0.00138465	
1.06885	0.00139313	
1.06934	0.00140101	
1.06982	0.0014083	
1.07031	0.00141497	
1.0708	0.00142103	
1.07129	0.00142648	
1.07178	0.0014313	
1.07227	0.00143549	
1.07275	0.00143906	
1.07324	0.00144199	
1.07373	0.00144428	
1.07422	0.00144593	
1.07471	0.00144694	
1.0752	0.0014473	
1.07568	0.00144701	
1.07617	0.00144607	
1.07666	0.00144447	
1.07715	0.00144222	
1.07764	0.00143932	
1.07813	0.00143576	
1.07861	0.00143154	
1.0791	0.00142666	
1.07959	0.00142112	
1.08008	0.00141493	
1.08057	0.00140808	
1.08105	0.00140057	
1.08154	0.00139241	
1.08203	0.00138359	
1.08252	0.00137412	
1.08301	0.00136401	
1.0835	0.00135325	
1.08398	0.00134184	
1.08447	0.00132979	
1.08496	0.00131711	
1.08545	0.00130379	
1.08594	0.00128984	
1.08643	0.00127527	
1.08691	0.00126007	
1.0874	0.00124427	
1.08789	0.00122785	
1.08838	0.00121082	
1.08887	0.0011932	
1.08936	0.00117499	
1.08984	0.00115619	
1.09033	0.00113681	
1.09082	0.00111686	
1.09131	0.00109635	
1.0918	0.00107528	
1.09229	0.00105366	
1.09277	0.0010315	
1.09326	0.00100882	
1.09375	0.000985608	
1.09424	0.000961889	
1.09473	0.00093767	
1.09521	0.000912959	
1.0957	0.000887769	
1.09619	0.00086211	
1.09668	0.000835994	
1.09717	0.000809434	
1.09766	0.000782442	
1.09814	0.000755031	
1.09863	0.000727216	
1.09912	0.000699011	
1.09961	0.000670433	
1.1001	0.000641497	
1.10059	0.000612223	
1.10107	0.000582629	
1.10156	0.000552737	
1.10205	0.000522572	
1.10254	0.00049216	
1.10303	0.000461534	
1.10352	0.000430729	
1.104	0.000399792	
1.10449	0.000368778	
1.10498	0.000337759	
1.10547	0.000306834	
1.10596	0.000276135	
1.10645	0.000245857	
1.10693	0.000216294	
1.10742	0.000187907	
1.10791	0.000161452	
1.1084	0.000138186	
1.10889	0.000120128	
1.10938	0.000110018	
1.10986	0.000110194	
1.11035	0.000120708	
1.11084	0.000139307	
1.11133	0.000163296	
1.11182	0.000190679	
1.1123	0.000220208	
1.11279	0.000251132	
1.11328	0.000282989	
1.11377	0.000315485	
1.11426	0.000348427	
1.11475	0.000381677	
1.11523	0.000415137	
1.11572	0.000448733	
1.11621	0.000482406	
1.1167	0.000516109	
1.11719	0.000549801	
1.11768	0.000583448	
1.11816	0.00061702	
1.11865	0.000650489	
1.11914	0.00068383	
1.11963	0.00071702	
1.12012	0.000750036	
1.12061	0.000782857	
1.12109	0.000815465	
1.12158	0.000847838	
1.12207	0.000879958	
1.12256	0.000911808	
1.12305	0.000943369	
1.12354	0.000974624	
1.12402	0.00100556	
1.12451	0.00103615	
1.125	0.00106638	
1.12549	0.00109625	
1.12598	0.00112572	
1.12646	0.00115479	
1.12695	0.00118344	
1.12744	0.00121165	
1.12793	0.00123942	
1.12842	0.00126671	
1.12891	0.00129353	
1.12939	0.00131986	
1.12988	0.00134567	
1.13037	0.00137097	
1.13086	0.00139573	
1.13135	0.00141993	
1.13184	0.00144358	
1.13232	0.00146665	
1.13281	0.00148913	
1.1333	0.00151101	
1.13379	0.00153227	
1.13428	0.00155291	
1.13477	0.00157291	
1.13525	0.00159226	
1.13574	0.00161096	
1.13623	0.00162898	
1.13672	0.00164631	
1.13721	0.00166296	
1.1377	0.0016789	
1.13818	0.00169413	
1.13867	0.00170863	
1.13916	0.00172241	
1.13965	0.00173544	
1.14014	0.00174772	
1.14063	0.00175925	
1.14111	0.00177001	
1.1416	0.00178	
1.14209	0.0017892	
1.14258	0.00179762	
1.14307	0.00180524	
1.14355	0.00181206	
1.14404	0.00181808	
1.14453	0.00182328	
1.14502	0.00182766	
1.14551	0.00183122	
1.146	0.00183396	
1.14648	0.00183586	
1.14697	0.00183693	
1.14746	0.00183715	
1.14795	0.00183654	
1.14844	0.00183508	
1.14893	0.00183277	
1.14941	0.00182962	
1.1499	0.00182561	
1.15039	0.00182075	
1.15088	0.00181504	
1.15137	0.00180848	
1.15186	0.00180106	
1.15234	0.00179279	
1.15283	0.00178367	
1.15332	0.00177371	
1.15381	0.00176289	
1.1543	0.00175122	
1.15479	0.00173872	
1.15527	0.00172537	
1.15576	0.00171119	
1.15625	0.00169617	
1.15674	0.00168032	
1.15723	0.00166365	
1.15771	0.00164616	
1.1582	0.00162786	
1.15869	0.00160875	
1.15918	0.00158884	
1.15967	0.00156813	
1.16016	0.00154664	
1.16064	0.00152437	
1.16113	0.00150134	
1.16162	0.00147754	
1.16211	0.00145299	
1.1626	0.00142769	
1.16309	0.00140167	
1.16357	0.00137493	
1.16406	0.00134748	
1.16455	0.00131933	
1.16504	0.0012905	
1.16553	0.001261	
1.16602	0.00123085	
1.1665	0.00120005	
1.16699	0.00116863	
1.16748	0.00113661	
1.16797	0.001104	
1.16846	0.00107081	
1.16895	0.00103708	
1.16943	0.00100282	
1.16992	0.000968051	
1.17041	0.000932806	
1.1709	0.00089711	
1.17139	0.000860993	
1.17188	0.00082449	
1.17236	0.000787639	
1.17285	0.000750482	
1.17334	0.00071307	
1.17383	0.00067546	
1.17432	0.000637722	
1.1748	0.000599938	
1.17529	0.000562209	
1.17578	0.000524661	
1.17627	0.000487454	
1.17676	0.000450795	
1.17725	0.000414956	
1.17773	0.000380301	
1.17822	0.000347318	
1.17871	0.000316672	
1.1792	0.000289247	
1.17969	0.000266186	
1.18018	0.000248844	
1.18066	0.000238605	
1.18115	0.000236512	
1.18164	0.000242877	
1.18213	0.000257154	
1.18262	0.00027819	
1.18311	0.000304633	
1.18359	0.000335234	
1.18408	0.000368979	
1.18457	0.000405086	
1.18506	0.000442976	
1.18555	0.000482217	
1.18604	0.000522487	
1.18652	0.00056354	
1.18701	0.00060519	
1.1875	0.000647287	
1.18799	0.000689714	
1.18848	0.000732372	
1.18896	0.000775182	
1.18945	0.000818072	
1.18994	0.000860985	
1.19043	0.000903867	
1.19092	0.000946671	
1.19141	0.000989354	
1.19189	0.00103188	
1.19238	0.0010742	
1.19287	0.0011163	
1.19336	0.00115813	
1.19385	0.00119967	
1.19434	0.00124088	
1.19482	0.00128174	
1.19531	0.00132222	
1.1958	0.0013623	
1.19629	0.00140195	
1.19678	0.00144114	
1.19727	0.00147984	
1.19775	0.00151805	
1.19824	0.00155572	
1.19873	0.00159284	
1.19922	0.00162938	
1.19971	0.00166533	
1.2002	0.00170066	
1.20068	0.00173535	
1.20117	0.00176937	
1.20166	0.00180271	
1.20215	0.00183535	
1.20264	0.00186727	
1.20313	0.00189843	
1.20361	0.00192884	
1.2041	0.00195846	
1.20459	0.00198728	
1.20508	0.00201528	
1.20557	0.00204245	
1.20605	0.00206875	
1.20654	0.00209418	
1.20703	0.00211872	
1.20752	0.00214235	
1.20801	0.00216506	
1.2085	0.00218682	
1.20898	0.00220763	
1.20947	0.00222747	
1.20996	0.00224632	
1.21045	0.00226417	
1.21094	0.00228101	
1.21143	0.00229682	
1.21191	0.00231158	
1.2124	0.00232529	
1.21289	0.00233794	
1.21338	0.0023495	
1.21387	0.00235998	
1.21436	0.00236935	
1.21484	0.00237761	
1.21533	0.00238475	
1.21582	0.00239076	
1.21631	0.00239563	
1.2168	0.00239936	
1.21729	0.00240192	
1.21777	0.00240333	
1.21826	0.00240356	
1.21875	0.00240262	
1.21924	0.00240049	
1.21973	0.00239718	
1.22021	0.00239268	
1.2207	0.00238698	
1.22119	0.00238009	
1.22168	0.00237199	
1.22217	0.00236269	
1.22266	0.00235219	
1.22314	0.00234048	
1.22363	0.00232757	
1.22412	0.00231346	
1.22461	0.00229814	
1.2251	0.00228162	
1.22559	0.00226391	
1.22607	0.00224501	
1.22656	0.00222492	
1.22705	0.00220364	
1.22754	0.0021812	
1.22803	0.00215758	
1.22852	0.00213281	
1.229	0.00210689	
1.22949	0.00207983	
1.22998	0.00205164	
1.23047	0.00202234	
1.23096	0.00199194	
1.23145	0.00196046	
1.23193	0.00192791	
1.23242	0.00189432	
1.23291	0.0018597	
1.2334	0.00182408	
1.23389	0.00178748	
1.23438	0.00174994	
1.23486	0.00171147	
1.23535	0.00167212	
1.23584	0.00163192	
1.23633	0.00159092	
1.23682	0.00154915	
1.2373	0.00150667	
1.23779	0.00146353	
1.23828	0.0014198	
1.23877	0.00137555	
1.23926	0.00133086	
1.23975	0.00128582	
1.24023	0.00124053	
1.24072	0.00119512	
1.24121	0.00114972	
1.2417	0.00110449	
1.24219	0.00105963	
1.24268	0.00101534	
1.24316	0.00097189	
1.24365	0.000929569	
1.24414	0.00088873	
1.24463	0.000849779	
1.24512	0.000813184	
1.24561	0.000779479	
1.24609	0.00074926	
1.24658	0.000723168	
1.24707	0.000701872	
1.24756	0.000686021	
1.24805	0.000676198	
1.24854	0.000672859	
1.24902	0.000676283	
1.24951	0.000686539	
1.25	0.000703487	
1.25049	0.000726803	
1.25098	0.000756025	
1.25146	0.000790614	
1.25195	0.000829997	
1.25244	0.000873614	
1.25293	0.000920934	
1.25342	0.000971478	
1.25391	0.00102482	
1.25439	0.00108058	
1.25488	0.00113843	
1.25537	0.00119809	
1.25586	0.00125931	
1.25635	0.00132188	
1.25684	0.00138562	
1.25732	0.00145036	
1.25781	0.00151595	
1.2583	0.00158226	
1.25879	0.00164919	
1.25928	0.00171663	
1.25977	0.00178448	
1.26025	0.00185266	
1.26074	0.00192108	
1.26123	0.00198969	
1.26172	0.00205839	
1.26221	0.00212714	
1.2627	0.00219586	
1.26318	0.0022645	
1.26367	0.002333	
1.26416	0.00240132	
1.26465	0.00246939	
1.26514	0.00253716	
1.26563	0.0026046	
1.26611	0.00267164	
1.2666	0.00273825	
1.26709	0.00280437	
1.26758	0.00286997	
1.26807	0.00293499	
1.26855	0.0029994	
1.26904	0.00306316	
1.26953	0.00312621	
1.27002	0.00318853	
1.27051	0.00325006	
1.271	0.00331077	
1.27148	0.00337062	
1.27197	0.00342957	
1.27246	0.00348758	
1.27295	0.0035446	
1.27344	0.00360061	
1.27393	0.00365557	
1.27441	0.00370943	
1.2749	0.00376215	
1.27539	0.00381371	
1.27588	0.00386407	
1.27637	0.00391318	
1.27686	0.00396101	
1.27734	0.00400753	
1.27783	0.0040527	
1.27832	0.00409649	
1.27881	0.00413886	
1.2793	0.00417977	
1.27979	0.0042192	
1.28027	0.00425711	
1.28076	0.00429346	
1.28125	0.00432823	
1.28174	0.00436138	
1.28223	0.00439287	
1.28271	0.00442269	
1.2832	0.00445079	
1.28369	0.00447715	
1.28418	0.00450173	
1.28467	0.00452451	
1.28516	0.00454546	
1.28564	0.00456454	
1.28613	0.00458174	
1.28662	0.00459701	
1.28711	0.00461034	
1.2876	0.0046217	
1.28809	0.00463106	
1.28857	0.0046384	
1.28906	0.00464368	
1.28955	0.00464689	
1.29004	0.00464801	
1.29053	0.004647	
1.29102	0.00464384	
1.2915	0.00463853	
1.29199	0.00463102	
1.29248	0.0046213	
1.29297	0.00460935	
1.29346	0.00459515	
1.29395	0.00457869	
1.29443	0.00455993	
1.29492	0.00453888	
1.29541	0.0045155	
1.2959	0.00448978	
1.29639	0.0044617	
1.29688	0.00443126	
1.29736	0.00439843	
1.29785	0.00436321	
1.29834	0.00432557	
1.29883	0.00428551	
1.29932	0.00424302	
1.2998	0.00419808	
1.30029	0.00415069	
1.30078	0.00410083	
1.30127	0.00404851	
1.30176	0.0039937	
1.30225	0.0039364	
1.30273	0.00387662	
1.30322	0.00381433	
1.30371	0.00374954	
1.3042	0.00368225	
1.30469	0.00361245	
1.30518	0.00354013	
1.30566	0.00346531	
1.30615	0.00338797	
1.30664	0.00330812	
1.30713	0.00322577	
1.30762	0.0031409	
1.30811	0.00305353	
1.30859	0.00296367	
1.30908	0.0028713	
1.30957	0.00277646	
1.31006	0.00267913	
1.31055	0.00257933	
1.31104	0.00247707	
1.31152	0.00237236	
1.31201	0.00226522	
1.3125	0.00215565	
1.31299	0.00204368	
1.31348	0.00192932	
1.31396	0.0018126	
1.31445	0.00169354	
1.31494	0.00157217	
1.31543	0.00144854	
1.31592	0.00132269	
1.31641	0.00119469	
1.31689	0.00106463	
1.31738	0.000932645	
1.31787	0.00079897	
1.31836	0.000664003	
1.31885	0.000528551	
1.31934	0.000394543	
1.31982	0.000267784	
1.32031	0.000171516	
1.3208	0.000175253	
1.32129	0.000278416	
1.32178	0.000414416	
1.32227	0.000561517	
1.32275	0.000714215	
1.32324	0.000870654	
1.32373	0.00103004	
1.32422	0.00119199	
1.32471	0.00135625	
1.3252	0.00152268	
1.32568	0.00169118	
1.32617	0.00186167	
1.32666	0.00203407	
1.32715	0.00220833	
1.32764	0.00238441	
1.32813	0.00256224	
1.32861	0.0027418	
1.3291	0.00292303	
1.32959	0.00310589	
1.33008	0.00329034	
1.33057	0.00347633	
1.33105	0.00366383	
1.33154	0.0038528	
1.33203	0.00404318	
1.33252	0.00423495	
1.33301	0.00442805	
1.3335	0.00462244	
1.33398	0.00481808	
1.33447	0.00501493	
1.33496	0.00521294	
1.33545	0.00541207	
1.33594	0.00561227	
1.33643	0.00581349	
1.33691	0.0060157	
1.3374	0.00621884	
1.33789	0.00642286	
1.33838	0.00662773	
1.33887	0.00683339	
1.33936	0.00703979	
1.33984	0.00724689	
1.34033	0.00745464	
1.34082	0.00766299	
1.34131	0.00787189	
1.3418	0.00808128	
1.34229	0.00829113	
1.34277	0.00850137	
1.34326	0.00871197	
1.34375	0.00892286	
1.34424	0.009134	
1.34473	0.00934533	
1.34521	0.00955681	
1.3457	0.00976838	
1.34619	0.00997999	
1.34668	0.0101916	
1.34717	0.0104031	
1.34766	0.0106145	
1.34814	0.0108258	
1.34863	0.0110368	
1.34912	0.0112475	
1.34961	0.011458	
1.3501	0.011668	
1.35059	0.0118776	
1.35107	0.0120867	
1.35156	0.0122953	
1.35205	0.0125032	
1.35254	0.0127106	
1.35303	0.0129172	
1.35352	0.0131231	
1.354	0.0133281	
1.35449	0.0135323	
1.35498	0.0137356	
1.35547	0.0139379	
1.35596	0.0141392	
1.35645	0.0143395	
1.35693	0.0145386	
1.35742	0.0147365	
1.35791	0.0149332	
1.3584	0.0151286	
1.35889	0.0153227	
1.35938	0.0155154	
1.35986	0.0157067	
1.36035	0.0158965	
1.36084	0.0160847	
1.36133	0.0162714	
1.36182	0.0164564	
1.3623	0.0166398	
1.36279	0.0168214	
1.36328	0.0170012	
1.36377	0.0171792	
1.36426	0.0173553	
1.36475	0.0175295	
1.36523	0.0177017	
1.36572	0.0178719	
1.36621	0.01804	
1.3667	0.018206	
1.36719	0.0183698	
1.36768	0.0185314	
1.36816	0.0186908	
1.36865	0.0188479	
1.36914	0.0190027	
1.36963	0.0191551	
1.37012	0.019305	
1.37061	0.0194525	
1.37109	0.0195975	
1.37158	0.01974	
1.37207	0.0198798	
1.37256	0.0200171	
1.37305	0.0201517	
1.37354	0.0202836	
1.37402	0.0204127	
1.37451	0.0205391	
1.375	0.0206627	
1.37549	0.0207834	
1.37598	0.0209013	
1.37646	0.0210162	
1.37695	0.0211282	
1.37744	0.0212372	
1.37793	0.0213433	
1.37842	0.0214463	
1.37891	0.0215462	
1.37939	0.021643	
1.37988	0.0217368	
1.38037	0.0218273	
1.38086	0.0219147	
1.38135	0.0219989	
1.38184	0.0220799	
1.38232	0.0221577	
1.38281	0.0222321	
1.3833	0.0223033	
1.38379	0.0223711	
1.38428	0.0224357	
1.38477	0.0224968	
1.38525	0.0225547	
1.38574	0.0226091	
1.38623	0.0226601	
1.38672	0.0227077	
1.38721	0.0227519	
1.3877	0.0227926	
1.38818	0.0228298	
1.38867	0.0228636	
1.38916	0.0228939	
1.38965	0.0229208	
1.39014	0.0229441	
1.39063	0.0229639	
1.39111	0.0229802	
1.3916	0.022993	
1.39209	0.0230022	
1.39258	0.0230079	
1.39307	0.0230101	
1.39355	0.0230088	
1.39404	0.0230039	
1.39453	0.0229955	
1.39502	0.0229835	
1.39551	0.022968	
1.396	0.022949	
1.39648	0.0229265	
1.39697	0.0229004	
1.39746	0.0228708	
1.39795	0.0228377	
1.39844	0.0228011	
1.39893	0.0227611	
1.39941	0.0227175	
1.3999	0.0226705	
1.40039	0.02262	
1.40088	0.022566	
1.40137	0.0225087	
1.40186	0.0224479	
1.40234	0.0223837	
1.40283	0.0223161	
1.40332	0.0222451	
1.40381	0.0221708	
1.4043	0.0220932	
1.40479	0.0220122	
1.40527	0.021928	
1.40576	0.0218404	
1.40625	0.0217497	
1.40674	0.0216557	
1.40723	0.0215585	
1.40771	0.0214582	
1.4082	0.0213547	
1.40869	0.021248	
1.40918	0.0211383	
1.40967	0.0210255	
1.41016	0.0209097	
1.41064	0.0207909	
1.41113	0.0206691	
1.41162	0.0205444	
1.41211	0.0204168	
1.4126	0.0202863	
1.41309	0.0201529	
1.41357	0.0200168	
1.41406	0.0198779	
1.41455	0.0197363	
1.41504	0.0195919	
1.41553	0.019445	
1.41602	0.0192954	
1.4165	0.0191432	
1.41699	0.0189885	
1.41748	0.0188313	
1.41797	0.0186717	
1.41846	0.0185096	
1.41895	0.0183452	
1.41943	0.0181784	
1.41992	0.0180094	
1.42041	0.0178381	
1.4209	0.0176647	
1.42139	0.0174891	
1.42188	0.0173114	
1.42236	0.0171317	
1.42285	0.0169499	
1.42334	0.0167663	
1.42383	0.0165807	
1.42432	0.0163932	
1.4248	0.0162039	
1.42529	0.0160129	
1.42578	0.0158202	
1.42627	0.0156258	
1.42676	0.0154298	
1.42725	0.0152323	
1.42773	0.0150332	
1.42822	0.0148327	
1.42871	0.0146308	
1.4292	0.0144276	
1.42969	0.014223	
1.43018	0.0140173	
1.43066	0.0138103	
1.43115	0.0136022	
1.43164	0.013393	
1.43213	0.0131828	
1.43262	0.0129717	
1.43311	0.0127596	
1.43359	0.0125467	
1.43408	0.0123329	
1.43457	0.0121184	
1.43506	0.0119032	
1.43555	0.0116874	
1.43604	0.0114709	
1.43652	0.011254	
1.43701	0.0110366	
1.4375	0.0108187	
1.43799	0.0106005	
1.43848	0.010382	
1.43896	0.0101632	
1.43945	0.00994422	
1.43994	0.0097251	
1.44043	0.00950589	
1.44092	0.00928664	
1.44141	0.00906741	
1.44189	0.00884826	
1.44238	0.00862924	
1.44287	0.0084104	
1.44336	0.0081918	
1.44385	0.00797349	
1.44434	0.00775553	
1.44482	0.00753796	
1.44531	0.00732084	
1.4458	0.00710423	
1.44629	0.00688818	
1.44678	0.00667273	
1.44727	0.00645795	
1.44775	0.00624388	
1.44824	0.00603057	
1.44873	0.00581807	
1.44922	0.00560645	
1.44971	0.00539573	
1.4502	0.00518599	
1.45068	0.00497725	
1.45117	0.00476958	
1.45166	0.00456302	
1.45215	0.00435762	
1.45264	0.00415343	
1.45313	0.00395049	
1.45361	0.00374885	
1.4541	0.00354856	
1.45459	0.00334966	
1.45508	0.0031522	
1.45557	0.00295622	
1.45605	0.00276177	
1.45654	0.00256889	
1.45703	0.00237762	
1.45752	0.00218801	
1.45801	0.0020001	
1.4585	0.00181393	
1.45898	0.00162955	
1.45947	0.00144701	
1.45996	0.00126635	
1.46045	0.00108763	
1.46094	0.000910913	
1.46143	0.000736301	
1.46191	0.000563956	
1.4624	0.00039426	
1.46289	0.000228599	
1.46338	8.0051e-005	
1.46387	0.000125651	
1.46436	0.00027978	
1.46484	0.000437882	
1.46533	0.000595008	
1.46582	0.000750339	
1.46631	0.000903606	
1.4668	0.00105469	
1.46729	0.0012035	
1.46777	0.00135001	
1.46826	0.00149417	
1.46875	0.00163594	
1.46924	0.00177529	
1.46973	0.0019122	
1.47021	0.00204664	
1.4707	0.0021786	
1.47119	0.00230804	
1.47168	0.00243494	
1.47217	0.0025593	
1.47266	0.00268108	
1.47314	0.00280028	
1.47363	0.00291687	
1.47412	0.00303084	
1.47461	0.00314217	
1.4751	0.00325086	
1.47559	0.00335689	
1.47607	0.00346025	
1.47656	0.00356092	
1.47705	0.0036589	
1.47754	0.00375417	
1.47803	0.00384674	
1.47852	0.00393659	
1.479	0.00402372	
1.47949	0.00410812	
1.47998	0.00418978	
1.48047	0.00426871	
1.48096	0.0043449	
1.48145	0.00441835	
1.48193	0.00448906	
1.48242	0.00455703	
1.48291	0.00462226	
1.4834	0.00468474	
1.48389	0.00474449	
1.48438	0.00480151	
1.48486	0.0048558	
1.48535	0.00490737	
1.48584	0.00495622	
1.48633	0.00500236	
1.48682	0.0050458	
1.4873	0.00508655	
1.48779	0.00512461	
1.48828	0.00516	
1.48877	0.00519272	
1.48926	0.0052228	
1.48975	0.00525024	
1.49023	0.00527505	
1.49072	0.00529726	
1.49121	0.00531686	
1.4917	0.0053339	
1.49219	0.00534836	
1.49268	0.00536029	
1.49316	0.00536969	
1.49365	0.00537658	
1.49414	0.00538098	
1.49463	0.00538291	
1.49512	0.0053824	
1.49561	0.00537947	
1.49609	0.00537413	
1.49658	0.00536642	
1.49707	0.00535634	
1.49756	0.00534394	
1.49805	0.00532924	
1.49854	0.00531226	
1.49902	0.00529302	
1.49951	0.00527156	
1.5	0.0052479	
1.50049	0.00522207	
1.50098	0.0051941	
1.50146	0.00516402	
1.50195	0.00513186	
1.50244	0.00509764	
1.50293	0.00506141	
1.50342	0.00502319	
1.50391	0.00498302	
1.50439	0.00494092	
1.50488	0.00489694	
1.50537	0.0048511	
1.50586	0.00480343	
1.50635	0.00475398	
1.50684	0.00470278	
1.50732	0.00464986	
1.50781	0.00459526	
1.5083	0.00453901	
1.50879	0.00448116	
1.50928	0.00442173	
1.50977	0.00436077	
1.51025	0.00429832	
1.51074	0.0042344	
1.51123	0.00416907	
1.51172	0.00410235	
1.51221	0.0040343	
1.5127	0.00396493	
1.51318	0.00389431	
1.51367	0.00382246	
1.51416	0.00374943	
1.51465	0.00367525	
1.51514	0.00359996	
1.51563	0.00352362	
1.51611	0.00344625	
1.5166	0.0033679	
1.51709	0.00328861	
1.51758	0.00320842	
1.51807	0.00312737	
1.51855	0.00304551	
1.51904	0.00296287	
1.51953	0.0028795	
1.52002	0.00279544	
1.52051	0.00271073	
1.521	0.00262542	
1.52148	0.00253954	
1.52197	0.00245315	
1.52246	0.00236628	
1.52295	0.00227897	
1.52344	0.00219128	
1.52393	0.00210324	
1.52441	0.00201491	
1.5249	0.00192632	
1.52539	0.00183753	
1.52588	0.00174857	
1.52637	0.00165951	
1.52686	0.00157039	
1.52734	0.00148127	
1.52783	0.00139219	
1.52832	0.00130324	
1.52881	0.00121446	
1.5293	0.00112595	
1.52979	0.00103778	
1.53027	0.000950075	
1.53076	0.000862956	
1.53125	0.000776602	
1.53174	0.000691254	
1.53223	0.000607264	
1.53271	0.000525173	
1.5332	0.000445871	
1.53369	0.000370926	
1.53418	0.000303269	
1.53467	0.000248482	
1.53516	0.000216014	
1.53564	0.000215564	
1.53613	0.000246735	
1.53662	0.000299315	
1.53711	0.0003637	
1.5376	0.000434281	
1.53809	0.000508127	
1.53857	0.000583676	
1.53906	0.000660043	
1.53955	0.000736693	
1.54004	0.000813283	
1.54053	0.000889579	
1.54102	0.000965414	
1.5415	0.00104066	
1.54199	0.00111523	
1.54248	0.00118904	
1.54297	0.00126202	
1.54346	0.00133412	
1.54395	0.00140529	
1.54443	0.00147548	
1.54492	0.00154466	
1.54541	0.0016128	
1.5459	0.00167985	
1.54639	0.0017458	
1.54688	0.0018106	
1.54736	0.00187423	
1.54785	0.00193668	
1.54834	0.0019979	
1.54883	0.00205788	
1.54932	0.0021166	
1.5498	0.00217403	
1.55029	0.00223017	
1.55078	0.00228497	
1.55127	0.00233844	
1.55176	0.00239054	
1.55225	0.00244127	
1.55273	0.00249061	
1.55322	0.00253854	
1.55371	0.00258505	
1.5542	0.00263013	
1.55469	0.00267376	
1.55518	0.00271592	
1.55566	0.00275662	
1.55615	0.00279584	
1.55664	0.00283357	
1.55713	0.00286979	
1.55762	0.00290451	
1.55811	0.00293772	
1.55859	0.0029694	
1.55908	0.00299955	
1.55957	0.00302816	
1.56006	0.00305524	
1.56055	0.00308078	
1.56104	0.00310476	
1.56152	0.0031272	
1.56201	0.00314809	
1.5625	0.00316742	
1.56299	0.0031852	
1.56348	0.00320143	
1.56396	0.0032161	
1.56445	0.00322922	
1.56494	0.00324079	
1.56543	0.00325082	
1.56592	0.0032593	
1.56641	0.00326624	
1.56689	0.00327165	
1.56738	0.00327553	
1.56787	0.00327789	
1.56836	0.00327872	
1.56885	0.00327805	
1.56934	0.00327587	
1.56982	0.00327221	
1.57031	0.00326705	
1.5708	0.00326042	
1.57129	0.00325233	
1.57178	0.00324278	
1.57227	0.00323179	
1.57275	0.00321937	
1.57324	0.00320554	
1.57373	0.00319029	
1.57422	0.00317366	
1.57471	0.00315565	
1.5752	0.00313627	
1.57568	0.00311555	
1.57617	0.0030935	
1.57666	0.00307013	
1.57715	0.00304547	
1.57764	0.00301952	
1.57813	0.00299232	
1.57861	0.00296387	
1.5791	0.00293419	
1.57959	0.00290331	
1.58008	0.00287124	
1.58057	0.00283801	
1.58105	0.00280363	
1.58154	0.00276813	
1.58203	0.00273152	
1.58252	0.00269384	
1.58301	0.0026551	
1.5835	0.00261533	
1.58398	0.00257454	
1.58447	0.00253277	
1.58496	0.00249004	
1.58545	0.00244637	
1.58594	0.00240178	
1.58643	0.00235631	
1.58691	0.00230998	
1.5874	0.00226282	
1.58789	0.00221484	
1.58838	0.00216609	
1.58887	0.00211659	
1.58936	0.00206636	
1.58984	0.00201544	
1.59033	0.00196385	
1.59082	0.00191163	
1.59131	0.0018588	
1.5918	0.0018054	
1.59229	0.00175146	
1.59277	0.00169702	
1.59326	0.0016421	
1.59375	0.00158674	
1.59424	0.00153099	
1.59473	0.00147487	
1.59521	0.00141843	
1.5957	0.00136172	
1.59619	0.00130477	
1.59668	0.00124763	
1.59717	0.00119037	
1.59766	0.00113303	
1.59814	0.00107568	
1.59863	0.0010184	
1.59912	0.000961262	
1.59961	0.000904369	
1.6001	0.000847836	
1.60059	0.000791801	
1.60107	0.000736434	
1.60156	0.000681952	
1.60205	0.00062863	
1.60254	0.000576828	
1.60303	0.000527024	
1.60352	0.000479858	
1.604	0.000436191	
1.60449	0.000397165	
1.60498	0.000364246	
1.60547	0.000339162	
1.60596	0.000323664	
1.60645	0.000319057	
1.60693	0.000325687	
1.60742	0.000342779	
1.60791	0.000368748	
1.6084	0.000401739	
1.60889	0.000440038	
1.60938	0.000482245	
1.60986	0.000527287	
1.61035	0.000574362	
1.61084	0.000622877	
1.61133	0.000672392	
1.61182	0.000722574	
1.6123	0.000773169	
1.61279	0.000823977	
1.61328	0.000874843	
1.61377	0.000925639	
1.61426	0.00097626	
1.61475	0.00102662	
1.61523	0.00107664	
1.61572	0.00112627	
1.61621	0.00117544	
1.6167	0.00122411	
1.61719	0.00127223	
1.61768	0.00131976	
1.61816	0.00136666	
1.61865	0.00141291	
1.61914	0.00145847	
1.61963	0.00150332	
1.62012	0.00154741	
1.62061	0.00159074	
1.62109	0.00163328	
1.62158	0.001675	
1.62207	0.00171588	
1.62256	0.00175591	
1.62305	0.00179506	
1.62354	0.00183331	
1.62402	0.00187065	
1.62451	0.00190707	
1.625	0.00194253	
1.62549	0.00197704	
1.62598	0.00201057	
1.62646	0.00204312	
1.62695	0.00207466	
1.62744	0.00210519	
1.62793	0.00213469	
1.62842	0.00216316	
1.62891	0.00219058	
1.62939	0.00221694	
1.62988	0.00224223	
1.63037	0.00226645	
1.63086	0.00228959	
1.63135	0.00231163	
1.63184	0.00233258	
1.63232	0.00235242	
1.63281	0.00237115	
1.6333	0.00238877	
1.63379	0.00240527	
1.63428	0.00242064	
1.63477	0.00243488	
1.63525	0.00244799	
1.63574	0.00245997	
1.63623	0.00247081	
1.63672	0.00248052	
1.63721	0.00248908	
1.6377	0.00249651	
1.63818	0.0025028	
1.63867	0.00250795	
1.63916	0.00251196	
1.63965	0.00251484	
1.64014	0.00251659	
1.64063	0.0025172	
1.64111	0.00251669	
1.6416	0.00251506	
1.64209	0.00251231	
1.64258	0.00250844	
1.64307	0.00250347	
1.64355	0.00249739	
1.64404	0.00249022	
1.64453	0.00248196	
1.64502	0.00247261	
1.64551	0.00246219	
1.646	0.00245071	
1.64648	0.00243817	
1.64697	0.00242458	
1.64746	0.00240995	
1.64795	0.00239429	
1.64844	0.00237761	
1.64893	0.00235993	
1.64941	0.00234126	
1.6499	0.0023216	
1.65039	0.00230096	
1.65088	0.00227938	
1.65137	0.00225684	
1.65186	0.00223338	
1.65234	0.002209	
1.65283	0.00218371	
1.65332	0.00215754	
1.65381	0.0021305	
1.6543	0.0021026	
1.65479	0.00207386	
1.65527	0.0020443	
1.65576	0.00201393	
1.65625	0.00198278	
1.65674	0.00195085	
1.65723	0.00191818	
1.65771	0.00188477	
1.6582	0.00185064	
1.65869	0.00181583	
1.65918	0.00178034	
1.65967	0.00174419	
1.66016	0.00170742	
1.66064	0.00167004	
1.66113	0.00163207	
1.66162	0.00159354	
1.66211	0.00155446	
1.6626	0.00151487	
1.66309	0.0014748	
1.66357	0.00143425	
1.66406	0.00139327	
1.66455	0.00135188	
1.66504	0.00131011	
1.66553	0.00126799	
1.66602	0.00122556	
1.6665	0.00118284	
1.66699	0.00113988	
1.66748	0.00109671	
1.66797	0.00105337	
1.66846	0.00100992	
1.66895	0.000966398	
1.66943	0.000922864	
1.66992	0.000879382	
1.67041	0.000836022	
1.6709	0.000792867	
1.67139	0.000750012	
1.67188	0.000707572	
1.67236	0.00066568	
1.67285	0.000624502	
1.67334	0.000584236	
1.67383	0.000545133	
1.67432	0.0005075	
1.6748	0.000471725	
1.67529	0.000438292	
1.67578	0.000407798	
1.67627	0.000380958	
1.67676	0.000358594	
1.67725	0.000341573	
1.67773	0.000330695	
1.67822	0.000326537	
1.67871	0.000329301	
1.6792	0.000338759	
1.67969	0.000354304	
1.68018	0.000375105	
1.68066	0.000400263	
1.68115	0.000428929	
1.68164	0.00046036	
1.68213	0.000493943	
1.68262	0.00052918	
1.68311	0.000565674	
1.68359	0.000603107	
1.68408	0.000641228	
1.68457	0.000679834	
1.68506	0.00071876	
1.68555	0.00075787	
1.68604	0.000797053	
1.68652	0.000836214	
1.68701	0.000875274	
1.6875	0.000914164	
1.68799	0.000952823	
1.68848	0.0009912	
1.68896	0.00102925	
1.68945	0.00106692	
1.68994	0.00110419	
1.69043	0.00114101	
1.69092	0.00117736	
1.69141	0.00121321	
1.69189	0.00124852	
1.69238	0.00128328	
1.69287	0.00131746	
1.69336	0.00135104	
1.69385	0.00138399	
1.69434	0.0014163	
1.69482	0.00144795	
1.69531	0.00147892	
1.6958	0.0015092	
1.69629	0.00153876	
1.69678	0.0015676	
1.69727	0.00159569	
1.69775	0.00162303	
1.69824	0.00164959	
1.69873	0.00167538	
1.69922	0.00170037	
1.69971	0.00172456	
1.7002	0.00174792	
1.70068	0.00177047	
1.70117	0.00179217	
1.70166	0.00181303	
1.70215	0.00183303	
1.70264	0.00185217	
1.70313	0.00187044	
1.70361	0.00188783	
1.7041	0.00190434	
1.70459	0.00191995	
1.70508	0.00193466	
1.70557	0.00194848	
1.70605	0.00196138	
1.70654	0.00197337	
1.70703	0.00198445	
1.70752	0.00199461	
1.70801	0.00200384	
1.7085	0.00201215	
1.70898	0.00201953	
1.70947	0.00202598	
1.70996	0.0020315	
1.71045	0.0020361	
1.71094	0.00203975	
1.71143	0.00204248	
1.71191	0.00204428	
1.7124	0.00204515	
1.71289	0.00204509	
1.71338	0.0020441	
1.71387	0.00204219	
1.71436	0.00203936	
1.71484	0.00203561	
1.71533	0.00203095	
1.71582	0.00202538	
1.71631	0.0020189	
1.7168	0.00201152	
1.71729	0.00200324	
1.71777	0.00199408	
1.71826	0.00198403	
1.71875	0.00197311	
1.71924	0.00196132	
1.71973	0.00194866	
1.72021	0.00193515	
1.7207	0.00192079	
1.72119	0.0019056	
1.72168	0.00188958	
1.72217	0.00187274	
1.72266	0.00185509	
1.72314	0.00183664	
1.72363	0.0018174	
1.72412	0.00179739	
1.72461	0.0017766	
1.7251	0.00175507	
1.72559	0.00173279	
1.72607	0.00170979	
1.72656	0.00168606	
1.72705	0.00166163	
1.72754	0.00163652	
1.72803	0.00161073	
1.72852	0.00158427	
1.729	0.00155718	
1.72949	0.00152945	
1.72998	0.0015011	
1.73047	0.00147216	
1.73096	0.00144263	
1.73145	0.00141255	
1.73193	0.00138191	
1.73242	0.00135074	
1.73291	0.00131907	
1.7334	0.0012869	
1.73389	0.00125427	
1.73438	0.00122118	
1.73486	0.00118766	
1.73535	0.00115374	
1.73584	0.00111944	
1.73633	0.00108478	
1.73682	0.00104978	
1.7373	0.00101449	
1.73779	0.000978912	
1.73828	0.000943093	
1.73877	0.000907063	
1.73926	0.000870858	
1.73975	0.000834518	
1.74023	0.000798087	
1.74072	0.000761615	
1.74121	0.000725156	
1.7417	0.000688776	
1.74219	0.000652548	
1.74268	0.000616559	
1.74316	0.000580912	
1.74365	0.000545732	
1.74414	0.000511171	
1.74463	0.000477419	
1.74512	0.00044471	
1.74561	0.00041334	
1.74609	0.000383681	
1.74658	0.000356201	
1.74707	0.000331473	
1.74756	0.000310181	
1.74805	0.000293092	
1.74854	0.00028098	
1.74902	0.000274497	
1.74951	0.00027403	
1.75	0.00027958	
1.75049	0.000290768	
1.75098	0.000306935	
1.75146	0.000327294	
1.75195	0.000351061	
1.75244	0.000377537	
1.75293	0.00040613	
1.75342	0.000436361	
1.75391	0.000467849	
1.75439	0.000500291	
1.75488	0.000533447	
1.75537	0.000567124	
1.75586	0.000601169	
1.75635	0.000635455	
1.75684	0.000669879	
1.75732	0.000704354	
1.75781	0.000738806	
1.7583	0.000773173	
1.75879	0.000807401	
1.75928	0.000841441	
1.75977	0.000875251	
1.76025	0.000908794	
1.76074	0.000942035	
1.76123	0.000974943	
1.76172	0.00100749	
1.76221	0.00103965	
1.7627	0.0010714	
1.76318	0.00110271	
1.76367	0.00113356	
1.76416	0.00116394	
1.76465	0.00119382	
1.76514	0.00122318	
1.76563	0.00125201	
1.76611	0.0012803	
1.7666	0.00130802	
1.76709	0.00133516	
1.76758	0.0013617	
1.76807	0.00138764	
1.76855	0.00141295	
1.76904	0.00143763	
1.76953	0.00146167	
1.77002	0.00148504	
1.77051	0.00150775	
1.771	0.00152978	
1.77148	0.00155111	
1.77197	0.00157174	
1.77246	0.00159167	
1.77295	0.00161087	
1.77344	0.00162935	
1.77393	0.00164709	
1.77441	0.00166409	
1.7749	0.00168033	
1.77539	0.00169582	
1.77588	0.00171055	
1.77637	0.0017245	
1.77686	0.00173768	
1.77734	0.00175008	
1.77783	0.00176169	
1.77832	0.00177251	
1.77881	0.00178254	
1.7793	0.00179177	
1.77979	0.0018002	
1.78027	0.00180782	
1.78076	0.00181464	
1.78125	0.00182064	
1.78174	0.00182584	
1.78223	0.00183023	
1.78271	0.0018338	
1.7832	0.00183656	
1.78369	0.00183851	
1.78418	0.00183964	
1.78467	0.00183997	
1.78516	0.00183948	
1.78564	0.00183818	
1.78613	0.00183608	
1.78662	0.00183317	
1.78711	0.00182946	
1.7876	0.00182494	
1.78809	0.00181964	
1.78857	0.00181354	
1.78906	0.00180665	
1.78955	0.00179898	
1.79004	0.00179053	
1.79053	0.0017813	
1.79102	0.00177131	
1.7915	0.00176056	
1.79199	0.00174905	
1.79248	0.0017368	
1.79297	0.0017238	
1.79346	0.00171007	
1.79395	0.00169562	
1.79443	0.00168044	
1.79492	0.00166456	
1.79541	0.00164798	
1.7959	0.00163071	
1.79639	0.00161276	
1.79688	0.00159414	
1.79736	0.00157485	
1.79785	0.00155492	
1.79834	0.00153436	
1.79883	0.00151316	
1.79932	0.00149135	
1.7998	0.00146895	
1.80029	0.00144595	
1.80078	0.00142238	
1.80127	0.00139824	
1.80176	0.00137356	
1.80225	0.00134835	
1.80273	0.00132261	
1.80322	0.00129638	
1.80371	0.00126966	
1.8042	0.00124247	
1.80469	0.00121483	
1.80518	0.00118675	
1.80566	0.00115826	
1.80615	0.00112938	
1.80664	0.00110011	
1.80713	0.0010705	
1.80762	0.00104055	
1.80811	0.00101029	
1.80859	0.000979747	
1.80908	0.000948948	
1.80957	0.000917918	
1.81006	0.00088669	
1.81055	0.000855296	
1.81104	0.000823771	
1.81152	0.000792155	
1.81201	0.00076049	
1.8125	0.000728825	
1.81299	0.000697214	
1.81348	0.000665719	
1.81396	0.000634409	
1.81445	0.000603367	
1.81494	0.000572687	
1.81543	0.00054248	
1.81592	0.000512881	
1.81641	0.000484046	
1.81689	0.000456167	
1.81738	0.000429471	
1.81787	0.000404232	
1.81836	0.000380774	
1.81885	0.000359478	
1.81934	0.000340773	
1.81982	0.000325127	
1.82031	0.000313009	
1.8208	0.000304845	
1.82129	0.000300954	
1.82178	0.000301487	
1.82227	0.000306403	
1.82275	0.00031547	
1.82324	0.000328311	
1.82373	0.000344466	
1.82422	0.000363452	
1.82471	0.000384803	
1.8252	0.000408099	
1.82568	0.000432975	
1.82617	0.000459122	
1.82666	0.00048628	
1.82715	0.000514233	
1.82764	0.000542803	
1.82813	0.000571839	
1.82861	0.000601219	
1.8291	0.000630835	
1.82959	0.0006606	
1.83008	0.000690436	
1.83057	0.000720277	
1.83105	0.000750067	
1.83154	0.000779755	
1.83203	0.000809295	
1.83252	0.000838648	
1.83301	0.000867777	
1.8335	0.00089665	
1.83398	0.000925236	
1.83447	0.000953509	
1.83496	0.000981442	
1.83545	0.00100901	
1.83594	0.0010362	
1.83643	0.00106298	
1.83691	0.00108933	
1.8374	0.00111524	
1.83789	0.00114069	
1.83838	0.00116566	
1.83887	0.00119014	
1.83936	0.00121411	
1.83984	0.00123755	
1.84033	0.00126046	
1.84082	0.00128282	
1.84131	0.00130462	
1.8418	0.00132584	
1.84229	0.00134648	
1.84277	0.00136652	
1.84326	0.00138595	
1.84375	0.00140476	
1.84424	0.00142295	
1.84473	0.00144051	
1.84521	0.00145741	
1.8457	0.00147367	
1.84619	0.00148926	
1.84668	0.00150419	
1.84717	0.00151844	
1.84766	0.00153201	
1.84814	0.00154489	
1.84863	0.00155708	
1.84912	0.00156857	
1.84961	0.00157935	
1.8501	0.00158943	
1.85059	0.00159879	
1.85107	0.00160743	
1.85156	0.00161535	
1.85205	0.00162255	
1.85254	0.00162902	
1.85303	0.00163476	
1.85352	0.00163977	
1.854	0.00164404	
1.85449	0.00164759	
1.85498	0.00165039	
1.85547	0.00165246	
1.85596	0.00165379	
1.85645	0.00165439	
1.85693	0.00165425	
1.85742	0.00165337	
1.85791	0.00165176	
1.8584	0.00164942	
1.85889	0.00164635	
1.85938	0.00164255	
1.85986	0.00163803	
1.86035	0.00163278	
1.86084	0.00162681	
1.86133	0.00162013	
1.86182	0.00161274	
1.8623	0.00160464	
1.86279	0.00159584	
1.86328	0.00158635	
1.86377	0.00157616	
1.86426	0.00156529	
1.86475	0.00155374	
1.86523	0.00154152	
1.86572	0.00152863	
1.86621	0.00151509	
1.8667	0.00150089	
1.86719	0.00148606	
1.86768	0.00147059	
1.86816	0.00145449	
1.86865	0.00143779	
1.86914	0.00142047	
1.86963	0.00140256	
1.87012	0.00138407	
1.87061	0.001365	
1.87109	0.00134537	
1.87158	0.00132518	
1.87207	0.00130446	
1.87256	0.00128321	
1.87305	0.00126144	
1.87354	0.00123917	
1.87402	0.00121642	
1.87451	0.00119319	
1.875	0.00116951	
1.87549	0.00114538	
1.87598	0.00112083	
1.87646	0.00109587	
1.87695	0.00107051	
1.87744	0.00104479	
1.87793	0.00101871	
1.87842	0.000992294	
1.87891	0.000965569	
1.87939	0.000938555	
1.87988	0.000911276	
1.88037	0.000883758	
1.88086	0.000856029	
1.88135	0.000828119	
1.88184	0.000800061	
1.88232	0.000771889	
1.88281	0.000743643	
1.8833	0.000715366	
1.88379	0.000687106	
1.88428	0.000658917	
1.88477	0.000630861	
1.88525	0.000603006	
1.88574	0.000575433	
1.88623	0.000548235	
1.88672	0.000521519	
1.88721	0.000495411	
1.8877	0.00047006	
1.88818	0.000445639	
1.88867	0.000422352	
1.88916	0.000400437	
1.88965	0.000380169	
1.89014	0.000361856	
1.89063	0.00034584	
1.89111	0.000332475	
1.8916	0.000322109	
1.89209	0.00031505	
1.89258	0.000311528	
1.89307	0.000311662	
1.89355	0.000315439	
1.89404	0.000322715	
1.89453	0.000333243	
1.89502	0.000346699	
1.89551	0.000362729	
1.896	0.000380974	
1.89648	0.000401095	
1.89697	0.000422785	
1.89746	0.000445772	
1.89795	0.000469823	
1.89844	0.000494736	
1.89893	0.000520342	
1.89941	0.000546495	
1.8999	0.000573073	
1.90039	0.000599969	
1.90088	0.000627093	
1.90137	0.000654368	
1.90186	0.000681726	
1.90234	0.000709106	
1.90283	0.000736457	
1.90332	0.000763732	
1.90381	0.000790889	
1.9043	0.00081789	
1.90479	0.000844702	
1.90527	0.000871293	
1.90576	0.000897635	
1.90625	0.0009237	
1.90674	0.000949466	
1.90723	0.000974908	
1.90771	0.001	
1.9082	0.00102474	
1.90869	0.00104908	
1.90918	0.00107303	
1.90967	0.00109656	
1.91016	0.00111965	
1.91064	0.00114229	
1.91113	0.00116447	
1.91162	0.00118616	
1.91211	0.00120737	
1.9126	0.00122807	
1.91309	0.00124824	
1.91357	0.00126789	
1.91406	0.001287	
1.91455	0.00130556	
1.91504	0.00132355	
1.91553	0.00134098	
1.91602	0.00135782	
1.9165	0.00137406	
1.91699	0.00138971	
1.91748	0.00140476	
1.91797	0.00141918	
1.91846	0.00143298	
1.91895	0.00144616	
1.91943	0.00145869	
1.91992	0.00147058	
1.92041	0.00148183	
1.9209	0.00149241	
1.92139	0.00150234	
1.92188	0.0015116	
1.92236	0.0015202	
1.92285	0.00152812	
1.92334	0.00153536	
1.92383	0.00154192	
1.92432	0.0015478	
1.9248	0.00155299	
1.92529	0.00155749	
1.92578	0.0015613	
1.92627	0.00156442	
1.92676	0.00156684	
1.92725	0.00156857	
1.92773	0.0015696	
1.92822	0.00156994	
1.92871	0.00156958	
1.9292	0.00156853	
1.92969	0.00156678	
1.93018	0.00156434	
1.93066	0.0015612	
1.93115	0.00155738	
1.93164	0.00155287	
1.93213	0.00154767	
1.93262	0.00154179	
1.93311	0.00153524	
1.93359	0.001528	
1.93408	0.0015201	
1.93457	0.00151153	
1.93506	0.0015023	
1.93555	0.0014924	
1.93604	0.00148186	
1.93652	0.00147067	
1.93701	0.00145884	
1.9375	0.00144638	
1.93799	0.00143329	
1.93848	0.00141958	
1.93896	0.00140525	
1.93945	0.00139033	
1.93994	0.0013748	
1.94043	0.00135869	
1.94092	0.001342	
1.94141	0.00132474	
1.94189	0.00130692	
1.94238	0.00128855	
1.94287	0.00126964	
1.94336	0.0012502	
1.94385	0.00123025	
1.94434	0.00120979	
1.94482	0.00118883	
1.94531	0.0011674	
1.9458	0.0011455	
1.94629	0.00112315	
1.94678	0.00110036	
1.94727	0.00107715	
1.94775	0.00105353	
1.94824	0.00102952	
1.94873	0.00100513	
1.94922	0.000980394	
1.94971	0.000955318	
1.9502	0.000929926	
1.95068	0.00090424	
1.95117	0.000878282	
1.95166	0.000852076	
1.95215	0.00082565	
1.95264	0.000799032	
1.95313	0.000772252	
1.95361	0.000745345	
1.9541	0.000718346	
1.95459	0.000691299	
1.95508	0.000664248	
1.95557	0.000637244	
1.95605	0.000610347	
1.95654	0.000583623	
1.95703	0.000557148	
1.95752	0.000531011	
1.95801	0.000505315	
1.9585	0.00048018	
1.95898	0.000455749	
1.95947	0.000432187	
1.95996	0.000409692	
1.96045	0.000388491	
1.96094	0.000368848	
1.96143	0.000351063	
1.96191	0.000335465	
1.9624	0.000322401	
1.96289	0.000312213	
1.96338	0.000305207	
1.96387	0.000301616	
1.96436	0.000301569	
1.96484	0.000305066	
1.96533	0.000311979	
1.96582	0.000322076	
1.96631	0.000335052	
1.9668	0.000350562	
1.96729	0.00036826	
1.96777	0.000387815	
1.96826	0.000408928	
1.96875	0.000431333	
1.96924	0.000454801	
1.96973	0.000479136	
1.97021	0.00050417	
1.9707	0.000529762	
1.97119	0.00055579	
1.97168	0.000582151	
1.97217	0.000608757	
1.97266	0.000635531	
1.97314	0.000662406	
1.97363	0.000689325	
1.97412	0.000716235	
1.97461	0.000743091	
1.9751	0.000769851	
1.97559	0.00079648	
1.97607	0.000822943	
1.97656	0.000849209	
1.97705	0.000875251	
1.97754	0.000901041	
1.97803	0.000926557	
1.97852	0.000951775	
1.979	0.000976674	
1.97949	0.00100123	
1.97998	0.00102544	
1.98047	0.00104926	
1.98096	0.00107269	
1.98145	0.00109572	
1.98193	0.00111832	
1.98242	0.00114048	
1.98291	0.00116218	
1.9834	0.00118342	
1.98389	0.00120418	
1.98438	0.00122445	
1.98486	0.00124421	
1.98535	0.00126345	
1.98584	0.00128217	
1.98633	0.00130035	
1.98682	0.00131799	
1.9873	0.00133506	
1.98779	0.00135157	
1.98828	0.0013675	
1.98877	0.00138284	
1.98926	0.0013976	
1.98975	0.00141175	
1.99023	0.00142529	
1.99072	0.00143822	
1.99121	0.00145052	
1.9917	0.0014622	
1.99219	0.00147324	
1.99268	0.00148364	
1.99316	0.0014934	
1.99365	0.0015025	
1.99414	0.00151095	
1.99463	0.00151874	
1.99512	0.00152586	
1.99561	0.00153232	
1.99609	0.0015381	
1.99658	0.00154322	
1.99707	0.00154765	
1.99756	0.00155141	
1.99805	0.00155448	
1.99854	0.00155688	
1.99902	0.00155859	
1.99951	0.00155962	
2	0.00110306	
