Interval=	0.001 s
ExcelDateTime=	4.3735398023912865e+004	9/27/2019 9:33:09.266072
TimeFormat=	StartOfBlock
DateFormat=	
ChannelTitle=	Channel 1
Range=	20.000 mV
1.48	0.588125
1.481	0.588125
1.482	0.588125
1.483	0.588125
1.484	0.588125
1.485	0.588125
1.486	0.588125
1.487	0.588125
1.488	0.588125
1.489	0.588125
1.49	0.588125
1.491	0.588125
1.492	0.588125
1.493	0.588125
1.494	0.588125
1.495	0.588125
1.496	0.588125
1.497	0.588125
1.498	0.5875
1.499	0.5875
1.5	0.586875
1.501	0.58625
1.502	0.585625
1.503	0.585625
1.504	0.584375
1.505	0.58375
1.506	0.58375
1.507	0.583125
1.508	0.583125
1.509	0.583125
1.51	0.583125
1.511	0.583125
1.512	0.583125
1.513	0.583125
1.514	0.58375
1.515	0.58375
1.516	0.58375
1.517	0.584375
1.518	0.584375
1.519	0.584375
1.52	0.584375
1.521	0.584375
1.522	0.58375
1.523	0.58375
1.524	0.583125
1.525	0.583125
1.526	0.581875
1.527	0.581875
1.528	0.58125
1.529	0.580625
1.53	0.58
1.531	0.579375
1.532	0.57875
1.533	0.578125
1.534	0.5775
1.535	0.576875
1.536	0.57625
1.537	0.575625
1.538	0.575625
1.539	0.574375
1.54	0.574375
1.541	0.57375
1.542	0.573125
1.543	0.573125
1.544	0.5725
1.545	0.571875
1.546	0.571875
1.547	0.57125
1.548	0.57125
1.549	0.570625
1.55	0.570625
1.551	0.570625
1.552	0.57
1.553	0.57
1.554	0.57
1.555	0.57
1.556	0.57
1.557	0.57
1.558	0.570625
1.559	0.570625
1.56	0.57125
1.561	0.571875
1.562	0.571875
1.563	0.573125
1.564	0.573125
1.565	0.57375
1.566	0.574375
1.567	0.574375
1.568	0.575625
1.569	0.575625
1.57	0.576875
1.571	0.5775
1.572	0.578125
1.573	0.57875
1.574	0.58
1.575	0.58
1.576	0.580625
1.577	0.581875
1.578	0.581875
1.579	0.581875
1.58	0.5825
1.581	0.5825
1.582	0.5825
1.583	0.5825
1.584	0.5825
1.585	0.581875
1.586	0.581875
1.587	0.58125
1.588	0.58
1.589	0.58
1.59	0.57875
1.591	0.578125
1.592	0.5775
1.593	0.576875
1.594	0.57625
1.595	0.575625
1.596	0.575
1.597	0.574375
1.598	0.57375
1.599	0.5725
1.6	0.571875
1.601	0.57125
1.602	0.570625
1.603	0.569375
1.604	0.568125
1.605	0.5675
1.606	0.566875
1.607	0.565
1.608	0.564375
1.609	0.5625
1.61	0.561875
1.611	0.560625
1.612	0.56
1.613	0.558125
1.614	0.5575
1.615	0.556875
1.616	0.555
1.617	0.554375
1.618	0.5525
1.619	0.55125
1.62	0.550625
1.621	0.54875
1.622	0.548125
1.623	0.54625
1.624	0.545625
1.625	0.545
1.626	0.54375
1.627	0.5425
1.628	0.541875
1.629	0.54125
1.63	0.540625
1.631	0.54
1.632	0.539375
1.633	0.53875
1.634	0.53875
1.635	0.53875
1.636	0.53875
1.637	0.53875
1.638	0.539375
1.639	0.54
1.64	0.54
1.641	0.54125
1.642	0.541875
1.643	0.543125
1.644	0.54375
1.645	0.544375
1.646	0.54625
1.647	0.5475
1.648	0.548125
1.649	0.55
1.65	0.550625
1.651	0.55125
1.652	0.5525
1.653	0.55375
1.654	0.554375
1.655	0.555
1.656	0.55625
1.657	0.55625
1.658	0.5575
1.659	0.558125
1.66	0.558125
1.661	0.55875
1.662	0.55875
1.663	0.559375
1.664	0.56
1.665	0.56
1.666	0.560625
1.667	0.560625
1.668	0.560625
1.669	0.56125
1.67	0.56125
1.671	0.56125
1.672	0.56125
1.673	0.560625
1.674	0.560625
1.675	0.560625
1.676	0.560625
1.677	0.560625
1.678	0.560625
1.679	0.560625
1.68	0.560625
1.681	0.560625
1.682	0.56
1.683	0.56
1.684	0.56
1.685	0.56
1.686	0.56
1.687	0.559375
1.688	0.559375
1.689	0.559375
1.69	0.559375
1.691	0.559375
1.692	0.55875
1.693	0.55875
1.694	0.55875
1.695	0.55875
1.696	0.55875
1.697	0.55875
1.698	0.55875
1.699	0.55875
1.7	0.55875
1.701	0.55875
1.702	0.559375
1.703	0.56
1.704	0.56
1.705	0.56125
1.706	0.561875
1.707	0.5625
1.708	0.564375
1.709	0.565
1.71	0.566875
1.711	0.5675
1.712	0.569375
1.713	0.57125
1.714	0.5725
1.715	0.57375
1.716	0.575
1.717	0.576875
1.718	0.57875
1.719	0.579375
1.72	0.58125
1.721	0.581875
1.722	0.58375
1.723	0.585
1.724	0.58625
1.725	0.5875
1.726	0.589375
1.727	0.590625
1.728	0.5925
1.729	0.594375
1.73	0.59625
1.731	0.59875
1.732	0.60125
1.733	0.60375
1.734	0.606875
1.735	0.609375
1.736	0.613125
1.737	0.616875
1.738	0.62
1.739	0.62375
1.74	0.628125
1.741	0.631875
1.742	0.63625
1.743	0.640625
1.744	0.645625
1.745	0.65
1.746	0.654375
1.747	0.659375
1.748	0.66375
1.749	0.66875
1.75	0.67375
1.751	0.678125
1.752	0.683125
1.753	0.688125
1.754	0.6925
1.755	0.6975
1.756	0.7025
1.757	0.706875
1.758	0.711875
1.759	0.716875
1.76	0.721875
1.761	0.726875
1.762	0.731875
1.763	0.736875
1.764	0.7425
1.765	0.748125
1.766	0.75375
1.767	0.759375
1.768	0.765
1.769	0.770625
1.77	0.776875
1.771	0.783125
1.772	0.78875
1.773	0.795625
1.774	0.80125
1.775	0.8075
1.776	0.814375
1.777	0.820625
1.778	0.826875
1.779	0.833125
1.78	0.839375
1.781	0.845625
1.782	0.851875
1.783	0.858125
1.784	0.86375
1.785	0.869375
1.786	0.875
1.787	0.88125
1.788	0.88625
1.789	0.891875
1.79	0.8975
1.791	0.903125
1.792	0.90875
1.793	0.914375
1.794	0.92
1.795	0.925625
1.796	0.93125
1.797	0.9375
1.798	0.943125
1.799	0.949375
1.8	0.955
1.801	0.961875
1.802	0.9675
1.803	0.974375
1.804	0.980625
1.805	0.986875
1.806	0.99375
1.807	1
1.808	1.00625
1.809	1.0125
1.81	1.01875
1.811	1.025625
1.812	1.03125
1.813	1.0375
1.814	1.043125
1.815	1.04875
1.816	1.055
1.817	1.060625
1.818	1.066875
1.819	1.0725
1.82	1.078125
1.821	1.08375
1.822	1.089375
1.823	1.095625
1.824	1.100625
1.825	1.106875
1.826	1.1125
1.827	1.118125
1.828	1.12375
1.829	1.129375
1.83	1.135625
1.831	1.14125
1.832	1.1475
1.833	1.153125
1.834	1.159375
1.835	1.165
1.836	1.17125
1.837	1.176875
1.838	1.1825
1.839	1.188125
1.84	1.194375
1.841	1.199375
1.842	1.205625
1.843	1.21125
1.844	1.216875
1.845	1.221875
1.846	1.2275
1.847	1.2325
1.848	1.2375
1.849	1.243125
1.85	1.248125
1.851	1.253125
1.852	1.2575
1.853	1.2625
1.854	1.266875
1.855	1.27125
1.856	1.275
1.857	1.28
1.858	1.284375
1.859	1.288125
1.86	1.293125
1.861	1.296875
1.862	1.30125
1.863	1.305625
1.864	1.31
1.865	1.31375
1.866	1.318125
1.867	1.3225
1.868	1.326875
1.869	1.33125
1.87	1.335625
1.871	1.34
1.872	1.344375
1.873	1.34875
1.874	1.353125
1.875	1.3575
1.876	1.361875
1.877	1.36625
1.878	1.370625
1.879	1.375
1.88	1.379375
1.881	1.38375
1.882	1.388125
1.883	1.3925
1.884	1.396875
1.885	1.40125
1.886	1.405
1.887	1.40875
1.888	1.413125
1.889	1.4175
1.89	1.420625
1.891	1.424375
1.892	1.4275
1.893	1.430625
1.894	1.43375
1.895	1.43625
1.896	1.439375
1.897	1.441875
1.898	1.445
1.899	1.4475
1.9	1.45
1.901	1.453125
1.902	1.455625
1.903	1.458125
1.904	1.46
1.905	1.4625
1.906	1.465
1.907	1.4675
1.908	1.47
1.909	1.4725
1.91	1.475
1.911	1.4775
1.912	1.480625
1.913	1.483125
1.914	1.485625
1.915	1.4875
1.916	1.49
1.917	1.4925
1.918	1.494375
1.919	1.496875
1.92	1.499375
1.921	1.50125
1.922	1.50375
1.923	1.50625
1.924	1.50875
1.925	1.51125
1.926	1.51375
1.927	1.515625
1.928	1.5175
1.929	1.519375
1.93	1.52125
1.931	1.523125
1.932	1.524375
1.933	1.525625
1.934	1.5275
1.935	1.52875
1.936	1.530625
1.937	1.53125
1.938	1.5325
1.939	1.53375
1.94	1.534375
1.941	1.535
1.942	1.53625
1.943	1.5375
1.944	1.538125
1.945	1.54
1.946	1.54125
1.947	1.543125
1.948	1.545
1.949	1.546875
1.95	1.54875
1.951	1.550625
1.952	1.5525
1.953	1.554375
1.954	1.55625
1.955	1.5575
1.956	1.559375
1.957	1.560625
1.958	1.5625
1.959	1.56375
1.96	1.564375
1.961	1.565625
1.962	1.56625
1.963	1.566875
1.964	1.5675
1.965	1.568125
1.966	1.56875
1.967	1.56875
1.968	1.56875
1.969	1.569375
1.97	1.57
1.971	1.57
1.972	1.57125
1.973	1.57125
1.974	1.571875
1.975	1.573125
1.976	1.57375
1.977	1.574375
1.978	1.575
1.979	1.576875
1.98	1.5775
1.981	1.578125
1.982	1.58
1.983	1.580625
1.984	1.5825
1.985	1.583125
1.986	1.584375
1.987	1.585
1.988	1.58625
1.989	1.586875
1.99	1.5875
1.991	1.588125
1.992	1.588125
1.993	1.588125
1.994	1.588125
1.995	1.588125
1.996	1.588125
1.997	1.588125
1.998	1.588125
1.999	1.588125
2	1.5875
2.001	1.5875
2.002	1.588125
2.003	1.588125
2.004	1.588125
2.005	1.588125
2.006	1.58875
2.007	1.589375
2.008	1.59
2.009	1.590625
2.01	1.591875
2.011	1.5925
2.012	1.593125
2.013	1.59375
2.014	1.595
2.015	1.595
2.016	1.59625
2.017	1.59625
2.018	1.596875
2.019	1.596875
2.02	1.5975
2.021	1.5975
2.022	1.5975
2.023	1.5975
2.024	1.598125
2.025	1.598125
2.026	1.598125
2.027	1.598125
2.028	1.598125
2.029	1.59875
2.03	1.59875
2.031	1.598125
2.032	1.598125
2.033	1.598125
2.034	1.598125
2.035	1.598125
2.036	1.5975
2.037	1.5975
2.038	1.596875
2.039	1.59625
2.04	1.59625
2.041	1.595
2.042	1.595
2.043	1.59375
2.044	1.593125
2.045	1.593125
2.046	1.591875
2.047	1.591875
2.048	1.59125
2.049	1.590625
2.05	1.590625
2.051	1.59
2.052	1.59
2.053	1.59
2.054	1.589375
2.055	1.589375
2.056	1.589375
2.057	1.589375
2.058	1.589375
2.059	1.589375
2.06	1.589375
2.061	1.589375
2.062	1.589375
2.063	1.58875
2.064	1.58875
2.065	1.58875
2.066	1.58875
2.067	1.588125
2.068	1.588125
2.069	1.588125
2.07	1.5875
2.071	1.5875
2.072	1.586875
2.073	1.58625
2.074	1.58625
2.075	1.585
2.076	1.584375
2.077	1.584375
2.078	1.58375
2.079	1.583125
2.08	1.5825
2.081	1.581875
2.082	1.58125
2.083	1.580625
2.084	1.58
2.085	1.579375
2.086	1.57875
2.087	1.57875
2.088	1.578125
2.089	1.5775
2.09	1.576875
2.091	1.576875
2.092	1.57625
2.093	1.57625
2.094	1.57625
2.095	1.57625
2.096	1.57625
2.097	1.57625
2.098	1.57625
2.099	1.57625
2.1	1.57625
2.101	1.57625
2.102	1.576875
2.103	1.576875
2.104	1.576875
2.105	1.576875
2.106	1.576875
2.107	1.5775
2.108	1.5775
2.109	1.5775
2.11	1.578125
2.111	1.578125
2.112	1.578125
2.113	1.57875
2.114	1.57875
2.115	1.579375
2.116	1.579375
2.117	1.58
2.118	1.580625
2.119	1.58125
2.12	1.58125
2.121	1.581875
2.122	1.583125
2.123	1.58375
2.124	1.58375
2.125	1.584375
2.126	1.585
2.127	1.585625
2.128	1.58625
2.129	1.58625
2.13	1.586875
2.131	1.5875
2.132	1.5875
2.133	1.588125
2.134	1.588125
2.135	1.589375
2.136	1.589375
2.137	1.59
2.138	1.590625
2.139	1.59125
2.14	1.591875
2.141	1.5925
2.142	1.59375
2.143	1.594375
2.144	1.595
2.145	1.595625
2.146	1.59625
2.147	1.596875
2.148	1.598125
2.149	1.598125
2.15	1.599375
2.151	1.599375
2.152	1.6
2.153	1.600625
2.154	1.600625
2.155	1.60125
2.156	1.60125
2.157	1.60125
2.158	1.601875
2.159	1.601875
2.16	1.601875
2.161	1.601875
2.162	1.601875
2.163	1.601875
2.164	1.601875
2.165	1.601875
2.166	1.60125
2.167	1.60125
2.168	1.60125
2.169	1.600625
2.17	1.600625
2.171	1.6
2.172	1.6
2.173	1.6
2.174	1.599375
2.175	1.599375
2.176	1.59875
2.177	1.598125
2.178	1.598125
2.179	1.598125
2.18	1.596875
2.181	1.596875
2.182	1.59625
2.183	1.595625
2.184	1.595
2.185	1.59375
2.186	1.59375
2.187	1.5925
2.188	1.591875
2.189	1.59125
2.19	1.590625
2.191	1.590625
2.192	1.59
2.193	1.589375
2.194	1.589375
2.195	1.58875
2.196	1.58875
2.197	1.58875
2.198	1.58875
2.199	1.589375
2.2	1.589375
2.201	1.59
2.202	1.59
2.203	1.59
2.204	1.59125
2.205	1.59125
2.206	1.591875
2.207	1.591875
2.208	1.5925
2.209	1.593125
2.21	1.593125
2.211	1.59375
2.212	1.59375
2.213	1.59375
2.214	1.594375
2.215	1.594375
2.216	1.595
2.217	1.595
2.218	1.595
2.219	1.595
2.22	1.595
2.221	1.595
2.222	1.595
2.223	1.595625
2.224	1.595
2.225	1.595
2.226	1.595
2.227	1.595
2.228	1.595
2.229	1.595
2.23	1.595
2.231	1.594375
2.232	1.594375
2.233	1.59375
2.234	1.593125
2.235	1.593125
2.236	1.5925
2.237	1.59125
2.238	1.59125
2.239	1.590625
2.24	1.59
2.241	1.59
2.242	1.58875
2.243	1.58875
2.244	1.58875
2.245	1.588125
2.246	1.588125
2.247	1.588125
2.248	1.5875
2.249	1.5875
2.25	1.588125
2.251	1.588125
2.252	1.588125
2.253	1.588125
2.254	1.588125
2.255	1.588125
2.256	1.58875
2.257	1.58875
2.258	1.58875
2.259	1.58875
2.26	1.589375
2.261	1.589375
2.262	1.589375
2.263	1.589375
2.264	1.589375
2.265	1.589375
2.266	1.589375
2.267	1.58875
2.268	1.58875
2.269	1.58875
2.27	1.58875
2.271	1.58875
2.272	1.588125
2.273	1.588125
2.274	1.588125
2.275	1.588125
2.276	1.588125
2.277	1.588125
2.278	1.58875
2.279	1.58875
2.28	1.58875
2.281	1.58875
2.282	1.589375
2.283	1.589375
2.284	1.589375
2.285	1.59
2.286	1.59
2.287	1.59
2.288	1.59
2.289	1.59
2.29	1.59
2.291	1.59
2.292	1.589375
2.293	1.589375
2.294	1.589375
2.295	1.58875
2.296	1.58875
2.297	1.588125
2.298	1.5875
2.299	1.5875
2.3	1.586875
2.301	1.586875
2.302	1.58625
2.303	1.585625
2.304	1.585625
2.305	1.585
2.306	1.584375
2.307	1.584375
2.308	1.58375
2.309	1.58375
2.31	1.58375
2.311	1.583125
2.312	1.583125
2.313	1.583125
2.314	1.5825
2.315	1.5825
2.316	1.581875
2.317	1.581875
2.318	1.58125
2.319	1.58125
2.32	1.580625
2.321	1.580625
2.322	1.580625
2.323	1.58
2.324	1.58
2.325	1.58
2.326	1.58
2.327	1.58
2.328	1.58
2.329	1.58
2.33	1.580625
2.331	1.580625
2.332	1.580625
2.333	1.580625
2.334	1.58125
2.335	1.58125
2.336	1.58125
2.337	1.581875
2.338	1.581875
2.339	1.5825
2.34	1.5825
2.341	1.583125
2.342	1.583125
2.343	1.58375
2.344	1.584375
2.345	1.585
2.346	1.585
2.347	1.585625
2.348	1.585625
2.349	1.58625
2.35	1.586875
2.351	1.586875
2.352	1.5875
2.353	1.5875
2.354	1.5875
2.355	1.586875
2.356	1.586875
2.357	1.586875
2.358	1.585625
2.359	1.585
2.36	1.584375
2.361	1.583125
2.362	1.58125
2.363	1.58
2.364	1.578125
2.365	1.575625
2.366	1.57375
2.367	1.57125
2.368	1.56875
2.369	1.56625
2.37	1.563125
2.371	1.560625
2.372	1.558125
2.373	1.555625
2.374	1.5525
2.375	1.55
2.376	1.548125
2.377	1.545625
2.378	1.543125
2.379	1.541875
2.38	1.539375
2.381	1.538125
2.382	1.53625
2.383	1.535625
2.384	1.53375
2.385	1.533125
2.386	1.53125
2.387	1.530625
2.388	1.529375
2.389	1.52875
2.39	1.528125
2.391	1.526875
2.392	1.526875
2.393	1.525625
2.394	1.525625
2.395	1.525
2.396	1.524375
2.397	1.524375
2.398	1.52375
2.399	1.523125
2.4	1.5225
2.401	1.5225
2.402	1.521875
2.403	1.52125
2.404	1.52125
2.405	1.52
2.406	1.52
2.407	1.51875
2.408	1.518125
2.409	1.5175
2.41	1.51625
2.411	1.514375
2.412	1.513125
2.413	1.51125
2.414	1.509375
2.415	1.5075
2.416	1.505625
2.417	1.503125
2.418	1.500625
2.419	1.498125
2.42	1.495625
2.421	1.493125
2.422	1.49
2.423	1.486875
2.424	1.484375
2.425	1.48125
2.426	1.47875
2.427	1.475625
2.428	1.4725
2.429	1.47
2.43	1.4675
2.431	1.464375
2.432	1.461875
2.433	1.45875
2.434	1.45625
2.435	1.45375
2.436	1.450625
2.437	1.4475
2.438	1.444375
2.439	1.441875
2.44	1.438125
2.441	1.435
2.442	1.431875
2.443	1.428125
2.444	1.425
2.445	1.420625
2.446	1.4175
2.447	1.413125
2.448	1.41
2.449	1.405625
2.45	1.401875
2.451	1.3975
2.452	1.39375
2.453	1.389375
2.454	1.385625
2.455	1.38125
2.456	1.3775
2.457	1.373125
2.458	1.36875
2.459	1.364375
2.46	1.359375
2.461	1.355
2.462	1.350625
2.463	1.345625
2.464	1.340625
2.465	1.335625
2.466	1.330625
2.467	1.325625
2.468	1.320625
2.469	1.315625
2.47	1.31
2.471	1.305
2.472	1.3
2.473	1.295
2.474	1.29
2.475	1.284375
2.476	1.279375
2.477	1.274375
2.478	1.269375
2.479	1.264375
2.48	1.259375
2.481	1.254375
2.482	1.249375
2.483	1.244375
2.484	1.24
2.485	1.235
2.486	1.23
2.487	1.225
2.488	1.22
2.489	1.215
2.49	1.21
2.491	1.205
2.492	1.2
2.493	1.195
2.494	1.19
2.495	1.185625
2.496	1.180625
2.497	1.175625
2.498	1.170625
2.499	1.16625
2.5	1.16125
2.501	1.15625
2.502	1.151875
2.503	1.146875
2.504	1.141875
2.505	1.1375
2.506	1.133125
2.507	1.12875
2.508	1.12375
2.509	1.12
2.51	1.115
2.511	1.110625
2.512	1.10625
2.513	1.1025
2.514	1.0975
2.515	1.093125
2.516	1.089375
2.517	1.085
2.518	1.080625
2.519	1.07625
2.52	1.0725
2.521	1.0675
2.522	1.063125
2.523	1.05875
2.524	1.054375
2.525	1.05
2.526	1.045625
2.527	1.04125
2.528	1.036875
2.529	1.0325
2.53	1.028125
2.531	1.024375
2.532	1.02
2.533	1.015625
2.534	1.011875
2.535	1.008125
2.536	1.004375
2.537	1
2.538	0.995625
2.539	0.991875
2.54	0.9875
2.541	0.98375
2.542	0.98
2.543	0.97625
2.544	0.971875
2.545	0.9675
2.546	0.96375
2.547	0.959375
2.548	0.955
2.549	0.95125
2.55	0.946875
2.551	0.94375
2.552	0.94
2.553	0.935625
2.554	0.9325
2.555	0.92875
2.556	0.92625
2.557	0.9225
2.558	0.919375
2.559	0.916875
2.56	0.913125
2.561	0.910625
2.562	0.9075
2.563	0.904375
2.564	0.901875
2.565	0.89875
2.566	0.895
2.567	0.8925
2.568	0.88875
2.569	0.885625
2.57	0.8825
2.571	0.879375
2.572	0.875625
2.573	0.8725
2.574	0.86875
2.575	0.865625
2.576	0.8625
2.577	0.859375
2.578	0.85625
2.579	0.853125
2.58	0.850625
2.581	0.848125
2.582	0.845
2.583	0.8425
2.584	0.84
2.585	0.8375
2.586	0.835
2.587	0.831875
2.588	0.829375
2.589	0.826875
2.59	0.82375
2.591	0.82125
2.592	0.81875
2.593	0.815625
2.594	0.8125
2.595	0.809375
2.596	0.80625
2.597	0.8025
2.598	0.799375
2.599	0.795625
2.6	0.7925
2.601	0.788125
2.602	0.785
2.603	0.781875
2.604	0.778125
2.605	0.775
2.606	0.771875
2.607	0.768125
2.608	0.765625
2.609	0.7625
2.61	0.759375
2.611	0.756875
2.612	0.754375
2.613	0.751875
2.614	0.749375
2.615	0.74625
2.616	0.74375
2.617	0.741875
2.618	0.739375
2.619	0.736875
2.62	0.734375
2.621	0.731875
2.622	0.73
2.623	0.7275
2.624	0.725625
2.625	0.723125
2.626	0.72125
2.627	0.719375
2.628	0.716875
2.629	0.715625
2.63	0.71375
2.631	0.711875
2.632	0.71
2.633	0.70875
2.634	0.706875
2.635	0.705625
2.636	0.70375
2.637	0.7025
2.638	0.700625
2.639	0.699375
2.64	0.6975
2.641	0.695625
2.642	0.694375
2.643	0.6925
2.644	0.690625
2.645	0.689375
2.646	0.6875
2.647	0.68625
2.648	0.684375
2.649	0.683125
2.65	0.68125
2.651	0.68
2.652	0.678125
2.653	0.676875
2.654	0.675
2.655	0.674375
2.656	0.6725
2.657	0.67125
2.658	0.669375
2.659	0.66875
2.66	0.666875
2.661	0.66625
2.662	0.664375
2.663	0.66375
2.664	0.6625
2.665	0.660625
2.666	0.66
2.667	0.658125
2.668	0.6575
2.669	0.655625
2.67	0.655
2.671	0.65375
2.672	0.653125
2.673	0.65125
2.674	0.650625
2.675	0.65
2.676	0.64875
2.677	0.648125
2.678	0.646875
2.679	0.645625
2.68	0.645
2.681	0.644375
2.682	0.6425
2.683	0.641875
2.684	0.64125
2.685	0.639375
2.686	0.63875
2.687	0.636875
2.688	0.635625
2.689	0.635
2.69	0.633125
2.691	0.6325
2.692	0.630625
2.693	0.63
2.694	0.62875
2.695	0.626875
2.696	0.625625
2.697	0.624375
2.698	0.6225
2.699	0.621875
2.7	0.62125
2.701	0.62
2.702	0.619375
2.703	0.618125
2.704	0.6175
2.705	0.616875
2.706	0.61625
2.707	0.61625
2.708	0.615625
2.709	0.615
2.71	0.615
2.711	0.615
2.712	0.615
2.713	0.615
2.714	0.615625
2.715	0.615625
2.716	0.615
2.717	0.615
2.718	0.615
2.719	0.615
2.72	0.615
2.721	0.615
2.722	0.614375
2.723	0.61375
2.724	0.61375
2.725	0.613125
2.726	0.6125
2.727	0.611875
2.728	0.61125
2.729	0.610625
2.73	0.61
2.731	0.60875
2.732	0.60875
2.733	0.6075
2.734	0.606875
2.735	0.60625
2.736	0.605625
2.737	0.605
2.738	0.604375
2.739	0.603125
2.74	0.6025
2.741	0.6025
2.742	0.60125
2.743	0.600625
2.744	0.6
2.745	0.599375
2.746	0.598125
2.747	0.5975
2.748	0.596875
2.749	0.595625
2.75	0.595
2.751	0.594375
2.752	0.593125
2.753	0.5925
2.754	0.591875
2.755	0.590625
2.756	0.590625
2.757	0.589375
2.758	0.589375
2.759	0.588125
2.76	0.588125
2.761	0.5875
2.762	0.58625
2.763	0.58625
2.764	0.585625
2.765	0.584375
2.766	0.584375
2.767	0.583125
2.768	0.5825
2.769	0.581875
2.77	0.580625
2.771	0.58
2.772	0.579375
2.773	0.578125
2.774	0.5775
2.775	0.576875
2.776	0.575625
2.777	0.575625
2.778	0.574375
2.779	0.57375
2.78	0.57375
2.781	0.573125
2.782	0.5725
2.783	0.5725
2.784	0.571875
2.785	0.571875
2.786	0.57125
2.787	0.570625
2.788	0.57
2.789	0.57
2.79	0.569375
2.791	0.56875
2.792	0.56875
2.793	0.568125
2.794	0.568125
2.795	0.5675
2.796	0.5675
2.797	0.568125
2.798	0.568125
2.799	0.568125
2.8	0.568125
2.801	0.56875
2.802	0.56875
2.803	0.569375
2.804	0.569375
2.805	0.57
2.806	0.570625
2.807	0.570625
2.808	0.57125
2.809	0.57125
2.81	0.571875
2.811	0.571875
2.812	0.571875
2.813	0.571875
2.814	0.5725
2.815	0.5725
2.816	0.5725
2.817	0.5725
2.818	0.5725
2.819	0.5725
2.82	0.5725
2.821	0.5725
2.822	0.5725
2.823	0.5725
2.824	0.5725
2.825	0.5725
2.826	0.571875
2.827	0.571875
2.828	0.571875
2.829	0.571875
2.83	0.571875
2.831	0.57125
2.832	0.57125
2.833	0.57125
2.834	0.570625
2.835	0.570625
2.836	0.570625
2.837	0.57
2.838	0.569375
2.839	0.56875
2.84	0.56875
2.841	0.568125
2.842	0.568125
2.843	0.5675
2.844	0.5675
2.845	0.5675
2.846	0.566875
2.847	0.566875
2.848	0.566875
2.849	0.56625
2.85	0.56625
2.851	0.56625
2.852	0.56625
2.853	0.566875
2.854	0.566875
2.855	0.566875
2.856	0.5675
2.857	0.568125
2.858	0.568125
2.859	0.56875
2.86	0.569375
2.861	0.570625
2.862	0.570625
2.863	0.571875
2.864	0.5725
2.865	0.573125
2.866	0.574375
2.867	0.575
2.868	0.575625
2.869	0.57625
2.87	0.576875
2.871	0.5775
2.872	0.578125
2.873	0.57875
2.874	0.579375
2.875	0.579375
2.876	0.58
2.877	0.580625
2.878	0.580625
2.879	0.58125
2.88	0.58125
2.881	0.58125
2.882	0.58125
2.883	0.58125
2.884	0.58125
2.885	0.58125
2.886	0.580625
2.887	0.580625
2.888	0.58
2.889	0.579375
2.89	0.57875
2.891	0.57875
2.892	0.578125
2.893	0.5775
2.894	0.5775
2.895	0.57625
2.896	0.57625
2.897	0.575625
2.898	0.575
2.899	0.574375
2.9	0.574375
2.901	0.57375
2.902	0.5725
2.903	0.5725
2.904	0.571875
2.905	0.57125
2.906	0.57125
2.907	0.57
2.908	0.57
2.909	0.569375
2.91	0.56875
2.911	0.568125
2.912	0.568125
2.913	0.568125
2.914	0.5675
2.915	0.5675
2.916	0.5675
2.917	0.5675
2.918	0.5675
2.919	0.5675
2.92	0.5675
2.921	0.5675
2.922	0.5675
2.923	0.568125
2.924	0.568125
2.925	0.568125
2.926	0.56875
2.927	0.56875
2.928	0.569375
2.929	0.569375
2.93	0.57
2.931	0.57
2.932	0.570625
2.933	0.57125
2.934	0.571875
2.935	0.571875
2.936	0.5725
2.937	0.5725
2.938	0.573125
2.939	0.57375
2.94	0.57375
2.941	0.574375
2.942	0.574375
2.943	0.574375
2.944	0.575
2.945	0.575
2.946	0.575
2.947	0.575
2.948	0.575625
2.949	0.575625
2.95	0.575625
2.951	0.575625
2.952	0.575625
2.953	0.575625
2.954	0.575625
2.955	0.575625
2.956	0.57625
2.957	0.57625
2.958	0.57625
2.959	0.57625
2.96	0.57625
2.961	0.57625
2.962	0.576875
2.963	0.576875
2.964	0.576875
2.965	0.5775
2.966	0.5775
2.967	0.578125
2.968	0.578125
2.969	0.5775
2.97	0.5775
2.971	0.5775
2.972	0.576875
2.973	0.57625
2.974	0.575
2.975	0.574375
2.976	0.573125
2.977	0.5725
2.978	0.571875
2.979	0.570625
2.98	0.57
2.981	0.569375
2.982	0.56875
2.983	0.56875
2.984	0.56875
2.985	0.56875
2.986	0.569375
2.987	0.57
2.988	0.57125
2.989	0.573125
2.99	0.575
2.991	0.57625
2.992	0.57875
2.993	0.58125
2.994	0.583125
2.995	0.58625
2.996	0.58875
2.997	0.59125
2.998	0.59375
2.999	0.596875
3	0.6
3.001	0.6025
3.002	0.605625
3.003	0.60875
3.004	0.61125
3.005	0.614375
3.006	0.6175
3.007	0.620625
3.008	0.623125
3.009	0.625625
3.01	0.628125
3.011	0.630625
3.012	0.633125
3.013	0.635
3.014	0.6375
3.015	0.63875
3.016	0.640625
3.017	0.641875
3.018	0.643125
3.019	0.64375
3.02	0.644375
3.021	0.645
3.022	0.645625
3.023	0.645625
3.024	0.646875
3.025	0.646875
3.026	0.6475
3.027	0.648125
3.028	0.64875
3.029	0.65
3.03	0.650625
3.031	0.6525
3.032	0.65375
3.033	0.655
3.034	0.656875
3.035	0.659375
3.036	0.661875
3.037	0.665
3.038	0.6675
3.039	0.67125
3.04	0.674375
3.041	0.6775
3.042	0.681875
3.043	0.685
3.044	0.689375
3.045	0.693125
3.046	0.6975
3.047	0.7025
3.048	0.706875
3.049	0.71125
3.05	0.71625
3.051	0.72125
3.052	0.72625
3.053	0.731875
3.054	0.736875
3.055	0.741875
3.056	0.748125
3.057	0.753125
3.058	0.75875
3.059	0.764375
3.06	0.77
3.061	0.775
3.062	0.780625
3.063	0.78625
3.064	0.79125
3.065	0.79625
3.066	0.80125
3.067	0.806875
3.068	0.811875
3.069	0.8175
3.07	0.8225
3.071	0.8275
3.072	0.833125
3.073	0.83875
3.074	0.845
3.075	0.850625
3.076	0.85625
3.077	0.8625
3.078	0.869375
3.079	0.875625
3.08	0.881875
3.081	0.88875
3.082	0.895
3.083	0.901875
3.084	0.908125
3.085	0.914375
3.086	0.920625
3.087	0.926875
3.088	0.933125
3.089	0.938125
3.09	0.94375
3.091	0.95
3.092	0.955
3.093	0.96
3.094	0.965625
3.095	0.970625
3.096	0.975625
3.097	0.980625
3.098	0.985625
3.099	0.990625
3.1	0.995625
3.101	1.000625
3.102	1.005625
3.103	1.01125
3.104	1.016875
3.105	1.0225
3.106	1.0275
3.107	1.03375
3.108	1.039375
3.109	1.045
3.11	1.05125
3.111	1.0575
3.112	1.063125
3.113	1.07
3.114	1.07625
3.115	1.081875
3.116	1.08875
3.117	1.095
3.118	1.10125
3.119	1.1075
3.12	1.114375
3.121	1.12
3.122	1.126875
3.123	1.1325
3.124	1.13875
3.125	1.145
3.126	1.150625
3.127	1.15625
3.128	1.161875
3.129	1.1675
3.13	1.1725
3.131	1.1775
3.132	1.1825
3.133	1.1875
3.134	1.1925
3.135	1.1975
3.136	1.2025
3.137	1.2075
3.138	1.2125
3.139	1.2175
3.14	1.2225
3.141	1.2275
3.142	1.233125
3.143	1.238125
3.144	1.243125
3.145	1.24875
3.146	1.254375
3.147	1.260625
3.148	1.26625
3.149	1.271875
3.15	1.278125
3.151	1.284375
3.152	1.29
3.153	1.295625
3.154	1.30125
3.155	1.306875
3.156	1.311875
3.157	1.3175
3.158	1.3225
3.159	1.3275
3.16	1.3325
3.161	1.336875
3.162	1.34125
3.163	1.345
3.164	1.34875
3.165	1.3525
3.166	1.355625
3.167	1.359375
3.168	1.3625
3.169	1.365625
3.17	1.36875
3.171	1.371875
3.172	1.375
3.173	1.378125
3.174	1.38125
3.175	1.385
3.176	1.388125
3.177	1.39125
3.178	1.394375
3.179	1.398125
3.18	1.40125
3.181	1.405
3.182	1.408125
3.183	1.41125
3.184	1.414375
3.185	1.418125
3.186	1.42125
3.187	1.425
3.188	1.428125
3.189	1.43125
3.19	1.435
3.191	1.438125
3.192	1.44125
3.193	1.445
3.194	1.4475
3.195	1.45125
3.196	1.45375
3.197	1.4575
3.198	1.46
3.199	1.463125
3.2	1.46625
3.201	1.469375
3.202	1.471875
3.203	1.475
3.204	1.4775
3.205	1.48
3.206	1.483125
3.207	1.485625
3.208	1.488125
3.209	1.490625
3.21	1.4925
3.211	1.494375
3.212	1.496875
3.213	1.49875
3.214	1.500625
3.215	1.501875
3.216	1.50375
3.217	1.505625
3.218	1.50625
3.219	1.5075
3.22	1.509375
3.221	1.51
3.222	1.51125
3.223	1.511875
3.224	1.51375
3.225	1.514375
3.226	1.515625
3.227	1.5175
3.228	1.518125
3.229	1.52
3.23	1.52125
3.231	1.52375
3.232	1.525625
3.233	1.526875
3.234	1.529375
3.235	1.53125
3.236	1.53375
3.237	1.53625
3.238	1.538125
3.239	1.540625
3.24	1.5425
3.241	1.545
3.242	1.5475
3.243	1.55
3.244	1.5525
3.245	1.554375
3.246	1.556875
3.247	1.559375
3.248	1.561875
3.249	1.564375
3.25	1.56625
3.251	1.568125
3.252	1.57
3.253	1.571875
3.254	1.573125
3.255	1.575
3.256	1.57625
3.257	1.576875
3.258	1.578125
3.259	1.57875
3.26	1.579375
3.261	1.58
3.262	1.58
3.263	1.580625
3.264	1.58125
3.265	1.581875
3.266	1.581875
3.267	1.5825
3.268	1.583125
3.269	1.58375
3.27	1.585
3.271	1.585625
3.272	1.58625
3.273	1.5875
3.274	1.588125
3.275	1.58875
3.276	1.59
3.277	1.59
3.278	1.59125
3.279	1.59125
3.28	1.591875
3.281	1.5925
3.282	1.5925
3.283	1.593125
3.284	1.593125
3.285	1.59375
3.286	1.59375
3.287	1.59375
3.288	1.594375
3.289	1.594375
3.29	1.594375
3.291	1.595
3.292	1.595
3.293	1.595625
3.294	1.59625
3.295	1.59625
3.296	1.5975
3.297	1.5975
3.298	1.598125
3.299	1.59875
3.3	1.59875
3.301	1.599375
3.302	1.599375
3.303	1.599375
3.304	1.6
3.305	1.6
3.306	1.6
3.307	1.6
3.308	1.600625
3.309	1.600625
3.31	1.600625
3.311	1.60125
3.312	1.60125
3.313	1.60125
3.314	1.60125
3.315	1.601875
3.316	1.6025
3.317	1.603125
3.318	1.60375
3.319	1.604375
3.32	1.605625
3.321	1.606875
3.322	1.6075
3.323	1.608125
3.324	1.61
3.325	1.61125
3.326	1.611875
3.327	1.61375
3.328	1.614375
3.329	1.615625
3.33	1.61625
3.331	1.616875
3.332	1.618125
3.333	1.61875
3.334	1.61875
3.335	1.619375
3.336	1.62
3.337	1.62
3.338	1.62
3.339	1.62
3.34	1.619375
3.341	1.619375
3.342	1.619375
3.343	1.61875
3.344	1.61875
3.345	1.61875
3.346	1.618125
3.347	1.6175
3.348	1.6175
3.349	1.61625
3.35	1.61625
3.351	1.615625
3.352	1.615
3.353	1.615
3.354	1.615
3.355	1.614375
3.356	1.614375
3.357	1.614375
3.358	1.614375
3.359	1.614375
3.36	1.614375
3.361	1.614375
3.362	1.615
3.363	1.615
3.364	1.615625
3.365	1.61625
3.366	1.6175
3.367	1.618125
3.368	1.61875
3.369	1.62
3.37	1.621875
3.371	1.6225
3.372	1.62375
3.373	1.624375
3.374	1.625625
3.375	1.62625
3.376	1.626875
3.377	1.6275
3.378	1.628125
3.379	1.62875
3.38	1.62875
3.381	1.629375
3.382	1.629375
3.383	1.629375
3.384	1.629375
3.385	1.62875
3.386	1.62875
3.387	1.629375
3.388	1.629375
3.389	1.629375
3.39	1.629375
3.391	1.63
3.392	1.63
3.393	1.630625
3.394	1.631875
3.395	1.631875
3.396	1.633125
3.397	1.633125
3.398	1.634375
3.399	1.634375
3.4	1.635
3.401	1.635625
3.402	1.635625
3.403	1.63625
3.404	1.63625
3.405	1.63625
3.406	1.63625
3.407	1.635625
3.408	1.635625
3.409	1.635625
3.41	1.635625
3.411	1.635625
3.412	1.635625
3.413	1.635625
3.414	1.635625
3.415	1.635625
3.416	1.63625
3.417	1.63625
3.418	1.63625
3.419	1.636875
3.42	1.636875
3.421	1.6375
3.422	1.6375
3.423	1.6375
3.424	1.6375
3.425	1.6375
3.426	1.6375
3.427	1.6375
3.428	1.636875
3.429	1.63625
3.43	1.635625
3.431	1.635625
3.432	1.635
3.433	1.634375
3.434	1.634375
3.435	1.63375
3.436	1.633125
3.437	1.6325
3.438	1.6325
3.439	1.6325
3.44	1.6325
3.441	1.6325
3.442	1.6325
3.443	1.6325
3.444	1.633125
3.445	1.633125
3.446	1.63375
3.447	1.634375
3.448	1.634375
3.449	1.635625
3.45	1.635625
3.451	1.63625
3.452	1.6375
3.453	1.6375
3.454	1.638125
3.455	1.63875
3.456	1.639375
3.457	1.639375
3.458	1.639375
3.459	1.64
3.46	1.640625
3.461	1.640625
3.462	1.64125
3.463	1.641875
3.464	1.641875
3.465	1.6425
3.466	1.6425
3.467	1.6425
3.468	1.643125
3.469	1.643125
3.47	1.64375
3.471	1.64375
3.472	1.644375
3.473	1.645
3.474	1.645
3.475	1.645625
3.476	1.645625
3.477	1.64625
3.478	1.64625
3.479	1.64625
3.48	1.646875
3.481	1.646875
3.482	1.646875
3.483	1.646875
3.484	1.6475
3.485	1.6475
3.486	1.648125
3.487	1.64875
3.488	1.64875
3.489	1.649375
3.49	1.65
3.491	1.65
3.492	1.65125
3.493	1.651875
3.494	1.651875
3.495	1.653125
3.496	1.653125
3.497	1.65375
3.498	1.655
3.499	1.655
3.5	1.655625
3.501	1.65625
3.502	1.65625
3.503	1.656875
3.504	1.656875
3.505	1.656875
3.506	1.656875
3.507	1.65625
3.508	1.65625
3.509	1.65625
3.51	1.655625
3.511	1.655
3.512	1.654375
3.513	1.65375
3.514	1.653125
3.515	1.651875
3.516	1.65125
3.517	1.650625
3.518	1.649375
3.519	1.64875
3.52	1.648125
3.521	1.646875
3.522	1.646875
3.523	1.64625
3.524	1.645
3.525	1.644375
3.526	1.644375
3.527	1.64375
3.528	1.64375
3.529	1.64375
3.53	1.643125
3.531	1.643125
3.532	1.64375
3.533	1.64375
3.534	1.643125
3.535	1.643125
3.536	1.643125
3.537	1.643125
3.538	1.643125
3.539	1.643125
3.54	1.643125
3.541	1.6425
3.542	1.6425
3.543	1.6425
3.544	1.641875
3.545	1.641875
3.546	1.641875
3.547	1.64125
3.548	1.64125
3.549	1.64125
3.55	1.64125
3.551	1.64125
3.552	1.64125
3.553	1.64125
3.554	1.64125
3.555	1.64125
3.556	1.641875
3.557	1.641875
3.558	1.641875
3.559	1.6425
3.56	1.6425
3.561	1.641875
3.562	1.641875
3.563	1.641875
3.564	1.641875
3.565	1.641875
3.566	1.64125
3.567	1.64125
3.568	1.64
3.569	1.639375
3.57	1.63875
3.571	1.638125
3.572	1.636875
3.573	1.63625
3.574	1.635625
3.575	1.635
3.576	1.63375
3.577	1.63375
3.578	1.633125
3.579	1.6325
3.58	1.631875
3.581	1.631875
3.582	1.631875
3.583	1.63125
3.584	1.63125
3.585	1.63125
3.586	1.630625
3.587	1.63
3.588	1.629375
3.589	1.628125
3.59	1.6275
3.591	1.626875
3.592	1.625
3.593	1.624375
3.594	1.6225
3.595	1.620625
3.596	1.619375
3.597	1.616875
3.598	1.615
3.599	1.613125
3.6	1.61125
3.601	1.60875
3.602	1.606875
3.603	1.605
3.604	1.603125
3.605	1.600625
3.606	1.599375
3.607	1.596875
3.608	1.595
3.609	1.593125
3.61	1.590625
3.611	1.58875
3.612	1.58625
3.613	1.58375
3.614	1.58125
3.615	1.57875
3.616	1.57625
3.617	1.573125
3.618	1.57
3.619	1.566875
3.62	1.56375
3.621	1.560625
3.622	1.556875
3.623	1.55375
3.624	1.55
3.625	1.546875
3.626	1.5425
3.627	1.539375
3.628	1.535
3.629	1.531875
3.63	1.52875
3.631	1.524375
3.632	1.52125
3.633	1.516875
3.634	1.51375
3.635	1.509375
3.636	1.50625
3.637	1.5025
3.638	1.499375
3.639	1.495
3.64	1.490625
3.641	1.4875
3.642	1.483125
3.643	1.47875
3.644	1.475
3.645	1.470625
3.646	1.465625
3.647	1.461875
3.648	1.456875
3.649	1.451875
3.65	1.446875
3.651	1.441875
3.652	1.436875
3.653	1.430625
3.654	1.425625
3.655	1.42
3.656	1.414375
3.657	1.40875
3.658	1.4025
3.659	1.396875
3.66	1.39125
3.661	1.385625
3.662	1.379375
3.663	1.37375
3.664	1.3675
3.665	1.36125
3.666	1.355625
3.667	1.349375
3.668	1.34375
3.669	1.338125
3.67	1.33125
3.671	1.32625
3.672	1.32
3.673	1.314375
3.674	1.30875
3.675	1.303125
3.676	1.2975
3.677	1.2925
3.678	1.2875
3.679	1.2825
3.68	1.2775
3.681	1.2725
3.682	1.2675
3.683	1.263125
3.684	1.25875
3.685	1.25375
3.686	1.249375
3.687	1.244375
3.688	1.239375
3.689	1.235
3.69	1.230625
3.691	1.22625
3.692	1.22125
3.693	1.216875
3.694	1.211875
3.695	1.2075
3.696	1.203125
3.697	1.198125
3.698	1.19375
3.699	1.18875
3.7	1.18375
3.701	1.179375
3.702	1.174375
3.703	1.17
3.704	1.165
3.705	1.16
3.706	1.155625
3.707	1.150625
3.708	1.14625
3.709	1.14125
3.71	1.13625
3.711	1.131875
3.712	1.126875
3.713	1.121875
3.714	1.1175
3.715	1.113125
3.716	1.10875
3.717	1.104375
3.718	1.1
3.719	1.095625
3.72	1.09125
3.721	1.086875
3.722	1.0825
3.723	1.078125
3.724	1.07375
3.725	1.069375
3.726	1.065625
3.727	1.060625
3.728	1.056875
3.729	1.0525
3.73	1.048125
3.731	1.044375
3.732	1.04
3.733	1.035625
3.734	1.031875
3.735	1.02875
3.736	1.024375
3.737	1.020625
3.738	1.016875
3.739	1.013125
3.74	1.009375
3.741	1.005
3.742	1.001875
3.743	0.9975
3.744	0.994375
3.745	0.99
3.746	0.98625
3.747	0.983125
3.748	0.97875
3.749	0.975625
3.75	0.97125
3.751	0.966875
3.752	0.963125
3.753	0.959375
3.754	0.955625
3.755	0.95125
3.756	0.9475
3.757	0.943125
3.758	0.939375
3.759	0.935625
3.76	0.93125
3.761	0.926875
3.762	0.92375
3.763	0.91875
3.764	0.915
3.765	0.91
3.766	0.90625
3.767	0.901875
3.768	0.8975
3.769	0.89375
3.77	0.889375
3.771	0.885
3.772	0.881875
3.773	0.8775
3.774	0.87375
3.775	0.870625
3.776	0.86625
3.777	0.863125
3.778	0.86
3.779	0.85625
3.78	0.853125
3.781	0.849375
3.782	0.84625
3.783	0.843125
3.784	0.839375
3.785	0.83625
3.786	0.833125
3.787	0.83
3.788	0.826875
3.789	0.823125
3.79	0.82
3.791	0.816875
3.792	0.81375
3.793	0.810625
3.794	0.806875
3.795	0.804375
3.796	0.800625
3.797	0.798125
3.798	0.795
3.799	0.791875
3.8	0.789375
3.801	0.78625
3.802	0.783125
3.803	0.780625
3.804	0.7775
3.805	0.774375
3.806	0.771875
3.807	0.76875
3.808	0.765625
3.809	0.763125
3.81	0.76
3.811	0.7575
3.812	0.754375
3.813	0.751875
3.814	0.74875
3.815	0.74625
3.816	0.743125
3.817	0.74
3.818	0.7375
3.819	0.734375
3.82	0.731875
3.821	0.72875
3.822	0.72625
3.823	0.72375
3.824	0.720625
3.825	0.718125
3.826	0.715625
3.827	0.713125
3.828	0.710625
3.829	0.708125
3.83	0.705625
3.831	0.70375
3.832	0.70125
3.833	0.699375
3.834	0.696875
3.835	0.695
3.836	0.693125
3.837	0.690625
3.838	0.68875
3.839	0.686875
3.84	0.685
3.841	0.6825
3.842	0.68
3.843	0.678125
3.844	0.67625
3.845	0.67375
3.846	0.67125
3.847	0.669375
3.848	0.666875
3.849	0.664375
3.85	0.661875
3.851	0.659375
3.852	0.6575
3.853	0.655625
3.854	0.653125
3.855	0.65125
3.856	0.649375
3.857	0.6475
3.858	0.645625
3.859	0.643125
3.86	0.64125
3.861	0.64
3.862	0.6375
3.863	0.635625
3.864	0.63375
3.865	0.63125
3.866	0.63
3.867	0.628125
3.868	0.625625
3.869	0.62375
3.87	0.6225
3.871	0.62
3.872	0.61875
3.873	0.616875
3.874	0.615
3.875	0.61375
3.876	0.6125
3.877	0.610625
3.878	0.609375
3.879	0.60875
3.88	0.608125
3.881	0.60625
3.882	0.605625
3.883	0.60375
3.884	0.603125
3.885	0.60125
3.886	0.6
3.887	0.598125
3.888	0.59625
3.889	0.595
3.89	0.593125
3.891	0.5925
3.892	0.590625
3.893	0.589375
3.894	0.58875
3.895	0.586875
3.896	0.58625
3.897	0.584375
3.898	0.58375
3.899	0.583125
3.9	0.581875
3.901	0.580625
3.902	0.580625
3.903	0.58
3.904	0.57875
3.905	0.57875
3.906	0.578125
3.907	0.578125
3.908	0.578125
3.909	0.5775
3.91	0.5775
3.911	0.578125
3.912	0.578125
3.913	0.57875
3.914	0.57875
3.915	0.58
3.916	0.58
3.917	0.580625
3.918	0.58125
3.919	0.58125
3.92	0.58125
3.921	0.580625
3.922	0.580625
3.923	0.580625
3.924	0.579375
3.925	0.57875
3.926	0.578125
3.927	0.5775
3.928	0.575625
3.929	0.57375
3.93	0.5725
3.931	0.57125
3.932	0.569375
3.933	0.56875
3.934	0.5675
3.935	0.565625
3.936	0.565
3.937	0.56375
3.938	0.563125
3.939	0.563125
3.94	0.5625
3.941	0.563125
3.942	0.563125
3.943	0.563125
3.944	0.56375
3.945	0.56375
3.946	0.564375
3.947	0.564375
3.948	0.564375
3.949	0.564375
3.95	0.564375
3.951	0.56375
3.952	0.563125
3.953	0.563125
3.954	0.561875
3.955	0.56125
3.956	0.559375
3.957	0.55875
3.958	0.556875
3.959	0.555625
3.96	0.55375
3.961	0.5525
3.962	0.550625
3.963	0.549375
3.964	0.548125
3.965	0.5475
3.966	0.54625
3.967	0.54625
3.968	0.545625
3.969	0.545625
3.97	0.545625
3.971	0.545625
3.972	0.545625
3.973	0.54625
3.974	0.54625
3.975	0.54625
3.976	0.546875
3.977	0.5475
3.978	0.548125
3.979	0.548125
3.98	0.54875
3.981	0.54875
3.982	0.548125
3.983	0.548125
3.984	0.548125
3.985	0.5475
3.986	0.5475
3.987	0.546875
3.988	0.54625
3.989	0.545625
3.99	0.545
3.991	0.544375
3.992	0.54375
3.993	0.5425
3.994	0.541875
3.995	0.54125
3.996	0.540625
3.997	0.539375
3.998	0.53875
3.999	0.538125
4	0.5375
4.001	0.536875
4.002	0.53625
4.003	0.53625
4.004	0.53625
4.005	0.535625
4.006	0.535625
4.007	0.535
4.008	0.535
4.009	0.535
4.01	0.535
4.011	0.535
4.012	0.535
4.013	0.535
4.014	0.535
4.015	0.535
4.016	0.534375
4.017	0.53375
4.018	0.53375
4.019	0.53375
4.02	0.533125
4.021	0.5325
4.022	0.5325
4.023	0.531875
4.024	0.53125
4.025	0.53125
4.026	0.530625
4.027	0.53
4.028	0.529375
4.029	0.529375
4.03	0.529375
4.031	0.52875
4.032	0.52875
4.033	0.52875
4.034	0.52875
4.035	0.52875
4.036	0.528125
4.037	0.528125
4.038	0.528125
4.039	0.5275
4.04	0.5275
4.041	0.526875
4.042	0.52625
4.043	0.52625
4.044	0.525625
4.045	0.525
4.046	0.524375
4.047	0.52375
4.048	0.5225
4.049	0.521875
4.05	0.52125
4.051	0.520625
4.052	0.519375
4.053	0.51875
4.054	0.518125
4.055	0.5175
4.056	0.516875
4.057	0.516875
4.058	0.516875
4.059	0.516875
4.06	0.516875
4.061	0.516875
4.062	0.516875
4.063	0.516875
4.064	0.516875
4.065	0.5175
4.066	0.5175
4.067	0.5175
4.068	0.5175
4.069	0.5175
4.07	0.5175
4.071	0.5175
4.072	0.5175
4.073	0.5175
4.074	0.518125
4.075	0.518125
4.076	0.518125
4.077	0.518125
4.078	0.518125
4.079	0.51875
4.08	0.51875
4.081	0.51875
4.082	0.519375
4.083	0.519375
4.084	0.519375
4.085	0.52
4.086	0.520625
4.087	0.520625
4.088	0.52125
4.089	0.52125
4.09	0.52125
4.091	0.52125
4.092	0.521875
4.093	0.521875
4.094	0.521875
4.095	0.521875
4.096	0.521875
4.097	0.521875
4.098	0.521875
4.099	0.52125
4.1	0.52125
4.101	0.52125
4.102	0.52125
4.103	0.52125
4.104	0.52125
4.105	0.520625
4.106	0.52
4.107	0.519375
4.108	0.519375
4.109	0.51875
4.11	0.518125
4.111	0.516875
4.112	0.51625
4.113	0.515
4.114	0.514375
4.115	0.5125
4.116	0.510625
4.117	0.51
4.118	0.508125
4.119	0.50625
4.12	0.505
4.121	0.503125
4.122	0.501875
4.123	0.500625
4.124	0.49875
4.125	0.498125
4.126	0.49625
4.127	0.495625
4.128	0.495
4.129	0.49375
4.13	0.49375
4.131	0.4925
4.132	0.4925
4.133	0.4925
4.134	0.4925
4.135	0.4925
4.136	0.4925
4.137	0.4925
4.138	0.49375
4.139	0.494375
4.14	0.494375
4.141	0.495625
4.142	0.49625
4.143	0.496875
4.144	0.4975
4.145	0.498125
4.146	0.49875
4.147	0.499375
4.148	0.499375
4.149	0.5
4.15	0.500625
4.151	0.500625
4.152	0.50125
4.153	0.50125
4.154	0.50125
4.155	0.50125
4.156	0.50125
4.157	0.50125
4.158	0.50125
4.159	0.50125
4.16	0.50125
4.161	0.501875
4.162	0.501875
4.163	0.501875
4.164	0.5025
4.165	0.5025
4.166	0.5025
4.167	0.503125
4.168	0.503125
4.169	0.503125
4.17	0.503125
4.171	0.5025
4.172	0.5025
4.173	0.5025
4.174	0.5025
4.175	0.5025
4.176	0.5025
4.177	0.5025
4.178	0.5025
4.179	0.5025
4.18	0.5025
4.181	0.5025
4.182	0.5025
4.183	0.503125
4.184	0.503125
4.185	0.504375
4.186	0.505
4.187	0.505625
4.188	0.50625
4.189	0.5075
4.19	0.508125
4.191	0.50875
4.192	0.51
4.193	0.510625
4.194	0.51125
4.195	0.511875
4.196	0.5125
4.197	0.513125
4.198	0.513125
4.199	0.513125
4.2	0.513125
4.201	0.5125
4.202	0.5125
4.203	0.511875
4.204	0.51125
4.205	0.510625
4.206	0.510625
4.207	0.51
4.208	0.509375
4.209	0.509375
4.21	0.50875
4.211	0.50875
4.212	0.50875
4.213	0.50875
4.214	0.50875
4.215	0.50875
4.216	0.50875
4.217	0.50875
4.218	0.509375
4.219	0.509375
4.22	0.509375
4.221	0.509375
4.222	0.509375
4.223	0.509375
4.224	0.509375
4.225	0.509375
4.226	0.509375
4.227	0.509375
4.228	0.509375
4.229	0.509375
4.23	0.509375
4.231	0.51
4.232	0.51
4.233	0.510625
4.234	0.51125
4.235	0.51125
4.236	0.511875
4.237	0.5125
4.238	0.513125
4.239	0.514375
4.24	0.515
4.241	0.515625
4.242	0.51625
4.243	0.5175
4.244	0.5175
4.245	0.51875
4.246	0.51875
4.247	0.519375
4.248	0.519375
4.249	0.519375
4.25	0.52
4.251	0.52
4.252	0.519375
4.253	0.519375
4.254	0.519375
4.255	0.519375
4.256	0.519375
4.257	0.519375
4.258	0.519375
4.259	0.52
4.26	0.52
4.261	0.52125
4.262	0.521875
4.263	0.52375
4.264	0.524375
4.265	0.52625
4.266	0.528125
4.267	0.53
4.268	0.5325
4.269	0.534375
4.27	0.536875
4.271	0.54
4.272	0.5425
4.273	0.545
4.274	0.548125
4.275	0.550625
4.276	0.553125
4.277	0.555625
4.278	0.558125
4.279	0.56
4.28	0.5625
4.281	0.565
4.282	0.566875
4.283	0.56875
4.284	0.570625
4.285	0.5725
4.286	0.574375
4.287	0.575625
4.288	0.57625
4.289	0.5775
4.29	0.578125
4.291	0.57875
4.292	0.579375
4.293	0.58
4.294	0.580625
4.295	0.580625
4.296	0.580625
4.297	0.58125
4.298	0.58125
4.299	0.58125
4.3	0.581875
4.301	0.581875
4.302	0.581875
4.303	0.5825
4.304	0.5825
4.305	0.583125
4.306	0.583125
4.307	0.58375
4.308	0.58375
4.309	0.58375
4.31	0.58375
4.311	0.58375
4.312	0.58375
4.313	0.58375
4.314	0.58375
4.315	0.58375
4.316	0.58375
4.317	0.58375
4.318	0.58375
4.319	0.58375
4.32	0.58375
4.321	0.584375
4.322	0.584375
4.323	0.584375
4.324	0.584375
4.325	0.584375
4.326	0.585
4.327	0.585
4.328	0.585
4.329	0.585
4.33	0.585
4.331	0.585
4.332	0.585
4.333	0.585
4.334	0.584375
4.335	0.58375
4.336	0.583125
4.337	0.581875
4.338	0.58125
4.339	0.580625
4.34	0.579375
4.341	0.578125
4.342	0.5775
4.343	0.576875
4.344	0.575625
4.345	0.575
4.346	0.575
4.347	0.575
4.348	0.575
4.349	0.575
4.35	0.575	#1 Eyes Closed Saccades procedure 2 
4.351	0.57625
4.352	0.576875
4.353	0.57875
4.354	0.58
4.355	0.5825
4.356	0.584375
4.357	0.5875
4.358	0.59
4.359	0.593125
4.36	0.59625
4.361	0.599375
4.362	0.603125
4.363	0.60625
4.364	0.610625
4.365	0.614375
4.366	0.61875
4.367	0.623125
4.368	0.6275
4.369	0.631875
4.37	0.63625
4.371	0.64125
4.372	0.64625
4.373	0.65125
4.374	0.65625
4.375	0.66125
4.376	0.66625
4.377	0.671875
4.378	0.676875
4.379	0.681875
4.38	0.6875
4.381	0.693125
4.382	0.69875
4.383	0.70375
4.384	0.70875
4.385	0.714375
4.386	0.719375
4.387	0.724375
4.388	0.73
4.389	0.735
4.39	0.74
4.391	0.745
4.392	0.750625
4.393	0.755625
4.394	0.76125
4.395	0.7675
4.396	0.773125
4.397	0.778125
4.398	0.784375
4.399	0.79
4.4	0.796875
4.401	0.8025
4.402	0.808125
4.403	0.814375
4.404	0.82125
4.405	0.826875
4.406	0.833125
4.407	0.83875
4.408	0.845625
4.409	0.85125
4.41	0.858125
4.411	0.86375
4.412	0.869375
4.413	0.875625
4.414	0.881875
4.415	0.8875
4.416	0.89375
4.417	0.899375
4.418	0.905625
4.419	0.91125
4.42	0.9175
4.421	0.923125
4.422	0.929375
4.423	0.935
4.424	0.94125
4.425	0.9475
4.426	0.95375
4.427	0.959375
4.428	0.965
4.429	0.97125
4.43	0.9775
4.431	0.983125
4.432	0.989375
4.433	0.995625
4.434	1.00125
4.435	1.006875
4.436	1.013125
4.437	1.01875
4.438	1.024375
4.439	1.03
4.44	1.03625
4.441	1.04125
4.442	1.046875
4.443	1.0525
4.444	1.0575
4.445	1.063125
4.446	1.068125
4.447	1.073125
4.448	1.0775
4.449	1.0825
4.45	1.0875
4.451	1.091875
4.452	1.096875
4.453	1.101875
4.454	1.10625
4.455	1.11125
4.456	1.11625
4.457	1.120625
4.458	1.125625
4.459	1.130625
4.46	1.135625
4.461	1.140625
4.462	1.14625
4.463	1.15125
4.464	1.15625
4.465	1.16125
4.466	1.16625
4.467	1.17125
4.468	1.17625
4.469	1.181875
4.47	1.186875
4.471	1.191875
4.472	1.196875
4.473	1.20125
4.474	1.20625
4.475	1.21125
4.476	1.215625
4.477	1.220625
4.478	1.225
4.479	1.229375
4.48	1.23375
4.481	1.238125
4.482	1.241875
4.483	1.246875
4.484	1.250625
4.485	1.255
4.486	1.259375
4.487	1.263125
4.488	1.266875
4.489	1.27125
4.49	1.275625
4.491	1.279375
4.492	1.28375
4.493	1.288125
4.494	1.291875
4.495	1.29625
4.496	1.3
4.497	1.304375
4.498	1.308125
4.499	1.3125
4.5	1.31625
4.501	1.320625
4.502	1.324375
4.503	1.3275
4.504	1.33125
4.505	1.334375
4.506	1.338125
4.507	1.34125
4.508	1.344375
4.509	1.3475
4.51	1.35125
4.511	1.35375
4.512	1.356875
4.513	1.36
4.514	1.363125
4.515	1.36625
4.516	1.36875
4.517	1.371875
4.518	1.375
4.519	1.378125
4.52	1.380625
4.521	1.383125
4.522	1.386875
4.523	1.389375
4.524	1.3925
4.525	1.395625
4.526	1.398125
4.527	1.40125
4.528	1.40375
4.529	1.406875
4.53	1.41
4.531	1.4125
4.532	1.415625
4.533	1.418125
4.534	1.420625
4.535	1.423125
4.536	1.425625
4.537	1.428125
4.538	1.430625
4.539	1.4325
4.54	1.435
4.541	1.436875
4.542	1.43875
4.543	1.440625
4.544	1.443125
4.545	1.445
4.546	1.446875
4.547	1.44875
4.548	1.450625
4.549	1.4525
4.55	1.454375
4.551	1.455625
4.552	1.458125
4.553	1.46
4.554	1.46125
4.555	1.46375
4.556	1.465625
4.557	1.4675
4.558	1.47
4.559	1.47125
4.56	1.47375
4.561	1.475625
4.562	1.4775
4.563	1.479375
4.564	1.48125
4.565	1.48375
4.566	1.485
4.567	1.4875
4.568	1.48875
4.569	1.49125
4.57	1.4925
4.571	1.49375
4.572	1.495625
4.573	1.4975
4.574	1.498125
4.575	1.5
4.576	1.500625
4.577	1.5025
4.578	1.503125
4.579	1.504375
4.58	1.505625
4.581	1.50625
4.582	1.506875
4.583	1.508125
4.584	1.50875
4.585	1.51
4.586	1.510625
4.587	1.511875
4.588	1.5125
4.589	1.513125
4.59	1.514375
4.591	1.515625
4.592	1.51625
4.593	1.518125
4.594	1.51875
4.595	1.52
4.596	1.520625
4.597	1.521875
4.598	1.52375
4.599	1.524375
4.6	1.525625
4.601	1.5275
4.602	1.528125
4.603	1.53
4.604	1.530625
4.605	1.531875
4.606	1.5325
4.607	1.534375
4.608	1.535625
4.609	1.53625
4.61	1.536875
4.611	1.53875
4.612	1.54
4.613	1.540625
4.614	1.54125
4.615	1.543125
4.616	1.544375
4.617	1.545
4.618	1.546875
4.619	1.5475
4.62	1.548125
4.621	1.55
4.622	1.550625
4.623	1.55125
4.624	1.5525
4.625	1.553125
4.626	1.55375
4.627	1.554375
4.628	1.555625
4.629	1.55625
4.63	1.556875
4.631	1.558125
4.632	1.55875
4.633	1.559375
4.634	1.560625
4.635	1.560625
4.636	1.561875
4.637	1.5625
4.638	1.5625
4.639	1.563125
4.64	1.564375
4.641	1.564375
4.642	1.565
4.643	1.565625
4.644	1.56625
4.645	1.56625
4.646	1.566875
4.647	1.566875
4.648	1.566875
4.649	1.5675
4.65	1.5675
4.651	1.568125
4.652	1.56875
4.653	1.56875
4.654	1.57
4.655	1.57
4.656	1.570625
4.657	1.57125
4.658	1.57125
4.659	1.5725
4.66	1.5725
4.661	1.573125
4.662	1.57375
4.663	1.57375
4.664	1.574375
4.665	1.574375
4.666	1.575
4.667	1.575625
4.668	1.57625
4.669	1.57625
4.67	1.576875
4.671	1.576875
4.672	1.576875
4.673	1.5775
4.674	1.5775
4.675	1.578125
4.676	1.57875
4.677	1.57875
4.678	1.57875
4.679	1.579375
4.68	1.579375
4.681	1.579375
4.682	1.579375
4.683	1.579375
4.684	1.579375
4.685	1.579375
4.686	1.579375
4.687	1.579375
4.688	1.579375
4.689	1.57875
4.69	1.57875
4.691	1.57875
4.692	1.57875
4.693	1.57875
4.694	1.57875
4.695	1.57875
4.696	1.579375
4.697	1.579375
4.698	1.579375
4.699	1.579375
4.7	1.579375
4.701	1.58
4.702	1.58
4.703	1.58
4.704	1.58
4.705	1.579375
4.706	1.579375
4.707	1.579375
4.708	1.579375
4.709	1.579375
4.71	1.579375
4.711	1.579375
4.712	1.57875
4.713	1.57875
4.714	1.57875
4.715	1.578125
4.716	1.578125
4.717	1.578125
4.718	1.578125
4.719	1.578125
4.72	1.578125
4.721	1.57875
4.722	1.57875
4.723	1.57875
4.724	1.579375
4.725	1.579375
4.726	1.58
4.727	1.580625
4.728	1.580625
4.729	1.58125
4.73	1.58125
4.731	1.581875
4.732	1.5825
4.733	1.5825
4.734	1.5825
4.735	1.5825
4.736	1.5825
4.737	1.5825
4.738	1.5825
4.739	1.581875
4.74	1.581875
4.741	1.581875
4.742	1.58125
4.743	1.58125
4.744	1.580625
4.745	1.580625
4.746	1.580625
4.747	1.580625
4.748	1.580625
4.749	1.580625
4.75	1.580625
4.751	1.580625
4.752	1.580625
4.753	1.58125
4.754	1.58125
4.755	1.581875
4.756	1.581875
4.757	1.5825
4.758	1.5825
4.759	1.583125
4.76	1.583125
4.761	1.58375
4.762	1.58375
4.763	1.584375
4.764	1.584375
4.765	1.585
4.766	1.585
4.767	1.585
4.768	1.585625
4.769	1.585625
4.77	1.585625
4.771	1.585625
4.772	1.585625
4.773	1.58625
4.774	1.58625
4.775	1.58625
4.776	1.586875
4.777	1.586875
4.778	1.586875
4.779	1.5875
4.78	1.5875
4.781	1.5875
4.782	1.588125
4.783	1.58875
4.784	1.58875
4.785	1.59
4.786	1.59
4.787	1.590625
4.788	1.59125
4.789	1.59125
4.79	1.59125
4.791	1.591875
4.792	1.591875
4.793	1.591875
4.794	1.5925
4.795	1.5925
4.796	1.5925
4.797	1.5925
4.798	1.5925
4.799	1.5925
4.8	1.5925
4.801	1.5925
4.802	1.5925
4.803	1.5925
4.804	1.5925
4.805	1.5925
4.806	1.5925
4.807	1.5925
4.808	1.5925
4.809	1.593125
4.81	1.593125
4.811	1.593125
4.812	1.593125
4.813	1.5925
4.814	1.5925
4.815	1.5925
4.816	1.5925
4.817	1.5925
4.818	1.5925
4.819	1.591875
4.82	1.591875
4.821	1.591875
4.822	1.59125
4.823	1.59125
4.824	1.590625
4.825	1.590625
4.826	1.590625
4.827	1.59
4.828	1.59
4.829	1.589375
4.83	1.589375
4.831	1.58875
4.832	1.588125
4.833	1.588125
4.834	1.586875
4.835	1.586875
4.836	1.585625
4.837	1.585625
4.838	1.584375
4.839	1.584375
4.84	1.583125
4.841	1.5825
4.842	1.5825
4.843	1.581875
4.844	1.581875
4.845	1.58125
4.846	1.580625
4.847	1.580625
4.848	1.58
4.849	1.58
4.85	1.58
4.851	1.579375
4.852	1.579375
4.853	1.57875
4.854	1.57875
4.855	1.57875
4.856	1.57875
4.857	1.57875
4.858	1.57875
4.859	1.57875
4.86	1.57875
4.861	1.57875
4.862	1.57875
4.863	1.57875
4.864	1.579375
4.865	1.579375
4.866	1.579375
4.867	1.58
4.868	1.580625
4.869	1.580625
4.87	1.58125
4.871	1.581875
4.872	1.581875
4.873	1.5825
4.874	1.5825
4.875	1.5825
4.876	1.583125
4.877	1.583125
4.878	1.58375
4.879	1.58375
4.88	1.58375
4.881	1.58375
4.882	1.58375
4.883	1.58375
4.884	1.58375
4.885	1.58375
4.886	1.584375
4.887	1.584375
4.888	1.584375
4.889	1.584375
4.89	1.585
4.891	1.585
4.892	1.585625
4.893	1.585625
4.894	1.585625
4.895	1.58625
4.896	1.58625
4.897	1.586875
4.898	1.586875
4.899	1.5875
4.9	1.5875
4.901	1.5875
4.902	1.5875
4.903	1.5875
4.904	1.5875
4.905	1.5875
4.906	1.5875
4.907	1.5875
4.908	1.5875
4.909	1.5875
4.91	1.5875
4.911	1.5875
4.912	1.5875
4.913	1.5875
4.914	1.5875
4.915	1.5875
4.916	1.5875
4.917	1.586875
4.918	1.586875
4.919	1.586875
4.92	1.586875
4.921	1.586875
4.922	1.58625
4.923	1.58625
4.924	1.58625
4.925	1.585625
4.926	1.585625
4.927	1.585
4.928	1.584375
4.929	1.58375
4.93	1.58375
4.931	1.583125
4.932	1.583125
4.933	1.583125
4.934	1.5825
4.935	1.5825
4.936	1.5825
4.937	1.583125
4.938	1.583125
4.939	1.583125
4.94	1.583125
4.941	1.583125
4.942	1.58375
4.943	1.58375
4.944	1.58375
4.945	1.58375
4.946	1.584375
4.947	1.58375
4.948	1.58375
4.949	1.58375
4.95	1.58375
4.951	1.58375
4.952	1.583125
4.953	1.5825
4.954	1.5825
4.955	1.581875
4.956	1.580625
4.957	1.58
4.958	1.579375
4.959	1.579375
4.96	1.57875
4.961	1.578125
4.962	1.578125
4.963	1.578125
4.964	1.578125
4.965	1.578125
4.966	1.578125
4.967	1.578125
4.968	1.578125
4.969	1.57875
4.97	1.579375
4.971	1.579375
4.972	1.58
4.973	1.58125
4.974	1.58125
4.975	1.5825
4.976	1.583125
4.977	1.583125
4.978	1.58375
4.979	1.58375
4.98	1.58375
4.981	1.58375
4.982	1.58375
4.983	1.58375
4.984	1.58375
4.985	1.583125
4.986	1.583125
4.987	1.583125
4.988	1.581875
4.989	1.58125
4.99	1.58125
4.991	1.580625
4.992	1.58
4.993	1.579375
4.994	1.579375
4.995	1.57875
4.996	1.578125
4.997	1.578125
4.998	1.5775
4.999	1.5775
5	1.576875
5.001	1.576875
5.002	1.576875
5.003	1.57625
5.004	1.57625
5.005	1.57625
5.006	1.57625
5.007	1.57625
5.008	1.57625
5.009	1.576875
5.01	1.576875
5.011	1.576875
5.012	1.5775
5.013	1.5775
5.014	1.578125
5.015	1.57875
5.016	1.579375
5.017	1.58
5.018	1.580625
5.019	1.58125
5.02	1.581875
5.021	1.5825
5.022	1.583125
5.023	1.583125
5.024	1.583125
5.025	1.583125
5.026	1.583125
5.027	1.583125
5.028	1.581875
5.029	1.58125
5.03	1.58
5.031	1.57875
5.032	1.576875
5.033	1.575
5.034	1.5725
5.035	1.57
5.036	1.566875
5.037	1.56375
5.038	1.560625
5.039	1.5575
5.04	1.55375
5.041	1.550625
5.042	1.546875
5.043	1.54375
5.044	1.539375
5.045	1.53625
5.046	1.531875
5.047	1.52875
5.048	1.524375
5.049	1.520625
5.05	1.51625
5.051	1.5125
5.052	1.508125
5.053	1.50375
5.054	1.499375
5.055	1.494375
5.056	1.49
5.057	1.484375
5.058	1.479375
5.059	1.47375
5.06	1.468125
5.061	1.4625
5.062	1.45625
5.063	1.450625
5.064	1.44375
5.065	1.438125
5.066	1.43125
5.067	1.425
5.068	1.41875
5.069	1.411875
5.07	1.405625
5.071	1.399375
5.072	1.3925
5.073	1.386875
5.074	1.38
5.075	1.374375
5.076	1.3675
5.077	1.361875
5.078	1.355625
5.079	1.35
5.08	1.34375
5.081	1.33875
5.082	1.3325
5.083	1.3275
5.084	1.321875
5.085	1.31625
5.086	1.31125
5.087	1.30625
5.088	1.300625
5.089	1.295625
5.09	1.29
5.091	1.285
5.092	1.28
5.093	1.275
5.094	1.27
5.095	1.265
5.096	1.260625
5.097	1.255625
5.098	1.250625
5.099	1.245625
5.1	1.240625
5.101	1.23625
5.102	1.23125
5.103	1.22625
5.104	1.221875
5.105	1.216875
5.106	1.211875
5.107	1.206875
5.108	1.201875
5.109	1.196875
5.11	1.191875
5.111	1.186875
5.112	1.18125
5.113	1.17625
5.114	1.170625
5.115	1.165625
5.116	1.16
5.117	1.154375
5.118	1.14875
5.119	1.143125
5.12	1.138125
5.121	1.1325
5.122	1.126875
5.123	1.121875
5.124	1.11625
5.125	1.11125
5.126	1.10625
5.127	1.10125
5.128	1.09625
5.129	1.09125
5.13	1.08625
5.131	1.081875
5.132	1.076875
5.133	1.0725
5.134	1.06875
5.135	1.06375
5.136	1.059375
5.137	1.055
5.138	1.05125
5.139	1.046875
5.14	1.0425
5.141	1.038125
5.142	1.034375
5.143	1.03
5.144	1.025625
5.145	1.021875
5.146	1.016875
5.147	1.013125
5.148	1.00875
5.149	1.004375
5.15	1.000625
5.151	0.996875
5.152	0.9925
5.153	0.988125
5.154	0.98375
5.155	0.979375
5.156	0.975625
5.157	0.97125
5.158	0.96625
5.159	0.961875
5.16	0.958125
5.161	0.953125
5.162	0.94875
5.163	0.944375
5.164	0.939375
5.165	0.935
5.166	0.93
5.167	0.925
5.168	0.920625
5.169	0.915625
5.17	0.91125
5.171	0.90625
5.172	0.901875
5.173	0.8975
5.174	0.893125
5.175	0.888125
5.176	0.884375
5.177	0.88
5.178	0.875625
5.179	0.87125
5.18	0.8675
5.181	0.863125
5.182	0.859375
5.183	0.855625
5.184	0.85125
5.185	0.846875
5.186	0.84375
5.187	0.839375
5.188	0.83625
5.189	0.831875
5.19	0.82875
5.191	0.825625
5.192	0.821875
5.193	0.818125
5.194	0.815
5.195	0.81125
5.196	0.808125
5.197	0.805
5.198	0.801875
5.199	0.798125
5.2	0.795
5.201	0.791875
5.202	0.78875
5.203	0.785
5.204	0.7825
5.205	0.77875
5.206	0.775625
5.207	0.7725
5.208	0.76875
5.209	0.765625
5.21	0.7625
5.211	0.75875
5.212	0.755625
5.213	0.7525
5.214	0.74875
5.215	0.74625
5.216	0.7425
5.217	0.74
5.218	0.736875
5.219	0.73375
5.22	0.730625
5.221	0.728125
5.222	0.725625
5.223	0.723125
5.224	0.720625
5.225	0.718125
5.226	0.715625
5.227	0.71375
5.228	0.711875
5.229	0.71
5.23	0.708125
5.231	0.70625
5.232	0.704375
5.233	0.703125
5.234	0.70125
5.235	0.7
5.236	0.698125
5.237	0.69625
5.238	0.695
5.239	0.693125
5.24	0.691875
5.241	0.69
5.242	0.68875
5.243	0.686875
5.244	0.685625
5.245	0.68375
5.246	0.681875
5.247	0.680625
5.248	0.67875
5.249	0.6775
5.25	0.675625
5.251	0.67375
5.252	0.673125
5.253	0.67125
5.254	0.67
5.255	0.669375
5.256	0.6675
5.257	0.666875
5.258	0.665
5.259	0.664375
5.26	0.663125
5.261	0.66125
5.262	0.660625
5.263	0.65875
5.264	0.656875
5.265	0.655625
5.266	0.655
5.267	0.653125
5.268	0.65125
5.269	0.65
5.27	0.64875
5.271	0.646875
5.272	0.645625
5.273	0.64375
5.274	0.641875
5.275	0.640625
5.276	0.63875
5.277	0.6375
5.278	0.635625
5.279	0.63375
5.28	0.6325
5.281	0.63125
5.282	0.629375
5.283	0.62875
5.284	0.626875
5.285	0.62625
5.286	0.624375
5.287	0.62375
5.288	0.621875
5.289	0.62125
5.29	0.620625
5.291	0.61875
5.292	0.6175
5.293	0.616875
5.294	0.615
5.295	0.614375
5.296	0.613125
5.297	0.611875
5.298	0.610625
5.299	0.609375
5.3	0.608125
5.301	0.606875
5.302	0.60625
5.303	0.604375
5.304	0.60375
5.305	0.6025
5.306	0.601875
5.307	0.600625
5.308	0.6
5.309	0.599375
5.31	0.59875
5.311	0.598125
5.312	0.5975
5.313	0.596875
5.314	0.59625
5.315	0.595625
5.316	0.595
5.317	0.594375
5.318	0.59375
5.319	0.5925
5.32	0.5925
5.321	0.59125
5.322	0.590625
5.323	0.59
5.324	0.58875
5.325	0.588125
5.326	0.5875
5.327	0.58625
5.328	0.585625
5.329	0.584375
5.33	0.58375
5.331	0.583125
5.332	0.581875
5.333	0.58125
5.334	0.580625
5.335	0.579375
5.336	0.57875
5.337	0.578125
5.338	0.576875
5.339	0.576875
5.34	0.575625
5.341	0.575625
5.342	0.575
5.343	0.57375
5.344	0.57375
5.345	0.5725
5.346	0.5725
5.347	0.57125
5.348	0.57125
5.349	0.57
5.35	0.57
5.351	0.56875
5.352	0.568125
5.353	0.5675
5.354	0.566875
5.355	0.565625
5.356	0.565
5.357	0.564375
5.358	0.563125
5.359	0.5625
5.36	0.56125
5.361	0.560625
5.362	0.56
5.363	0.55875
5.364	0.55875
5.365	0.5575
5.366	0.5575
5.367	0.556875
5.368	0.55625
5.369	0.55625
5.37	0.555625
5.371	0.555625
5.372	0.555625
5.373	0.555625
5.374	0.555625
5.375	0.55625
5.376	0.556875
5.377	0.556875
5.378	0.5575
5.379	0.558125
5.38	0.55875
5.381	0.55875
5.382	0.559375
5.383	0.560625
5.384	0.560625
5.385	0.56125
5.386	0.5625
5.387	0.5625
5.388	0.563125
5.389	0.56375
5.39	0.564375
5.391	0.564375
5.392	0.564375
5.393	0.565
5.394	0.565
5.395	0.565
5.396	0.565625
5.397	0.565625
5.398	0.56625
5.399	0.56625
5.4	0.56625
5.401	0.566875
5.402	0.5675
5.403	0.568125
5.404	0.56875
5.405	0.569375
5.406	0.57125
5.407	0.571875
5.408	0.57375
5.409	0.574375
5.41	0.57625
5.411	0.576875
5.412	0.578125
5.413	0.57875
5.414	0.579375
5.415	0.58
5.416	0.58
5.417	0.58
5.418	0.58
5.419	0.579375
5.42	0.57875
5.421	0.5775
5.422	0.57625
5.423	0.575
5.424	0.573125
5.425	0.57125
5.426	0.57
5.427	0.568125
5.428	0.5675
5.429	0.565625
5.43	0.565
5.431	0.564375
5.432	0.56375
5.433	0.563125
5.434	0.563125
5.435	0.5625
5.436	0.5625
5.437	0.5625
5.438	0.561875
5.439	0.561875
5.44	0.561875
5.441	0.56125
5.442	0.56125
5.443	0.56125
5.444	0.560625
5.445	0.560625
5.446	0.560625
5.447	0.56
5.448	0.56
5.449	0.559375
5.45	0.559375
5.451	0.559375
5.452	0.559375
5.453	0.559375
5.454	0.559375
5.455	0.559375
5.456	0.559375
5.457	0.559375
5.458	0.56
5.459	0.56
5.46	0.56
5.461	0.560625
5.462	0.56125
5.463	0.561875
5.464	0.561875
5.465	0.563125
5.466	0.56375
5.467	0.56375
5.468	0.564375
5.469	0.565625
5.47	0.56625
5.471	0.56625
5.472	0.566875
5.473	0.5675
5.474	0.5675
5.475	0.5675
5.476	0.5675
5.477	0.566875
5.478	0.566875
5.479	0.566875
5.48	0.56625
5.481	0.56625
5.482	0.565625
5.483	0.565625
5.484	0.565625
5.485	0.565
5.486	0.565
5.487	0.564375
5.488	0.564375
5.489	0.565
5.49	0.565
5.491	0.565
5.492	0.565625
5.493	0.565625
5.494	0.56625
5.495	0.566875
5.496	0.5675
5.497	0.5675
5.498	0.5675
5.499	0.568125
5.5	0.568125
5.501	0.568125
5.502	0.568125
5.503	0.568125
5.504	0.568125
5.505	0.568125
5.506	0.568125
5.507	0.5675
5.508	0.566875
5.509	0.566875
5.51	0.56625
5.511	0.565625
5.512	0.565625
5.513	0.565
5.514	0.565
5.515	0.565
5.516	0.564375
5.517	0.565
5.518	0.565
5.519	0.565
5.52	0.565
5.521	0.565
5.522	0.565
5.523	0.565625
5.524	0.565625
5.525	0.56625
5.526	0.56625
5.527	0.56625
5.528	0.566875
5.529	0.566875
5.53	0.566875
5.531	0.566875
5.532	0.566875
5.533	0.566875
5.534	0.566875
5.535	0.566875
5.536	0.566875
5.537	0.566875
5.538	0.566875
5.539	0.566875
5.54	0.566875
5.541	0.566875
5.542	0.5675
5.543	0.5675
5.544	0.5675
5.545	0.5675
5.546	0.5675
5.547	0.568125
5.548	0.568125
5.549	0.56875
5.55	0.56875
5.551	0.56875
5.552	0.569375
5.553	0.569375
5.554	0.569375
5.555	0.57
5.556	0.57
5.557	0.57
5.558	0.570625
5.559	0.570625
5.56	0.570625
5.561	0.57125
5.562	0.57125
5.563	0.57125
5.564	0.57125
5.565	0.571875
5.566	0.571875
5.567	0.57125
5.568	0.57125
5.569	0.57125
5.57	0.57125
5.571	0.57125
5.572	0.570625
5.573	0.570625
5.574	0.570625
5.575	0.57
5.576	0.569375
5.577	0.56875
5.578	0.568125
5.579	0.5675
5.58	0.566875
5.581	0.56625
5.582	0.56625
5.583	0.565625
5.584	0.564375
5.585	0.564375
5.586	0.56375
5.587	0.563125
5.588	0.563125
5.589	0.5625
5.59	0.561875
5.591	0.56125
5.592	0.56125
5.593	0.56125
5.594	0.560625
5.595	0.560625
5.596	0.560625
5.597	0.56
5.598	0.56
5.599	0.56
5.6	0.56
5.601	0.56
5.602	0.56
5.603	0.56
5.604	0.56
5.605	0.559375
5.606	0.559375
5.607	0.559375
5.608	0.559375
5.609	0.559375
5.61	0.559375
5.611	0.559375
5.612	0.559375
5.613	0.559375
5.614	0.55875
5.615	0.55875
5.616	0.559375
5.617	0.559375
5.618	0.559375
5.619	0.559375
5.62	0.56
5.621	0.56
5.622	0.56125
5.623	0.56125
5.624	0.561875
5.625	0.5625
5.626	0.563125
5.627	0.56375
5.628	0.564375
5.629	0.565625
5.63	0.565625
5.631	0.566875
5.632	0.5675
5.633	0.5675
5.634	0.568125
5.635	0.568125
5.636	0.568125
5.637	0.568125
5.638	0.5675
5.639	0.5675
5.64	0.5675
5.641	0.566875
5.642	0.566875
5.643	0.56625
5.644	0.565625
5.645	0.565
5.646	0.565
5.647	0.564375
5.648	0.56375
5.649	0.56375
5.65	0.563125
5.651	0.563125
5.652	0.5625
5.653	0.5625
5.654	0.5625
5.655	0.561875
5.656	0.561875
5.657	0.56125
5.658	0.56125
5.659	0.56125
