Interval=	0.001 s
ExcelDateTime=	4.3735397277095275e+004	9/27/2019 9:32:04.741031
TimeFormat=	StartOfBlock
DateFormat=	
ChannelTitle=	Channel 1
Range=	20.000 mV
2.605	0.74125
2.606	0.74125
2.607	0.74125
2.608	0.74125
2.609	0.74125
2.61	0.740625
2.611	0.740625
2.612	0.74
2.613	0.74
2.614	0.739375
2.615	0.73875
2.616	0.73875
2.617	0.738125
2.618	0.738125
2.619	0.7375
2.62	0.736875
2.621	0.73625
2.622	0.73625
2.623	0.73625
2.624	0.735625
2.625	0.735625
2.626	0.735625
2.627	0.735625
2.628	0.735625
2.629	0.73625
2.63	0.73625
2.631	0.73625
2.632	0.736875
2.633	0.736875
2.634	0.7375
2.635	0.7375
2.636	0.738125
2.637	0.738125
2.638	0.73875
2.639	0.73875
2.64	0.739375
2.641	0.739375
2.642	0.739375
2.643	0.74
2.644	0.74
2.645	0.74
2.646	0.74
2.647	0.74
2.648	0.74
2.649	0.74
2.65	0.74
2.651	0.74
2.652	0.74
2.653	0.74
2.654	0.74
2.655	0.74
2.656	0.74
2.657	0.74
2.658	0.74
2.659	0.74
2.66	0.74
2.661	0.74
2.662	0.74
2.663	0.740625
2.664	0.740625
2.665	0.74125
2.666	0.74125
2.667	0.74125
2.668	0.741875
2.669	0.741875
2.67	0.741875
2.671	0.741875
2.672	0.741875
2.673	0.741875
2.674	0.741875
2.675	0.741875
2.676	0.741875
2.677	0.741875
2.678	0.741875
2.679	0.741875
2.68	0.74125
2.681	0.74125
2.682	0.74125
2.683	0.740625
2.684	0.740625
2.685	0.740625
2.686	0.74125
2.687	0.74125
2.688	0.74125
2.689	0.74125
2.69	0.74125
2.691	0.74125
2.692	0.74125
2.693	0.74125
2.694	0.74125
2.695	0.74125
2.696	0.74125
2.697	0.74125
2.698	0.74125
2.699	0.74125
2.7	0.74125
2.701	0.740625
2.702	0.740625
2.703	0.74
2.704	0.74
2.705	0.74
2.706	0.739375
2.707	0.739375
2.708	0.73875
2.709	0.73875
2.71	0.73875
2.711	0.738125
2.712	0.738125
2.713	0.738125
2.714	0.7375
2.715	0.7375
2.716	0.7375
2.717	0.736875
2.718	0.736875
2.719	0.73625
2.72	0.73625
2.721	0.73625
2.722	0.735625
2.723	0.735625
2.724	0.735
2.725	0.735
2.726	0.735
2.727	0.734375
2.728	0.734375
2.729	0.735
2.73	0.735
2.731	0.735
2.732	0.735
2.733	0.735
2.734	0.735
2.735	0.735625
2.736	0.735625
2.737	0.735625
2.738	0.73625
2.739	0.73625
2.74	0.73625
2.741	0.73625
2.742	0.736875
2.743	0.736875
2.744	0.736875
2.745	0.736875
2.746	0.736875
2.747	0.73625
2.748	0.73625
2.749	0.73625
2.75	0.73625
2.751	0.736875
2.752	0.736875
2.753	0.736875
2.754	0.736875
2.755	0.736875
2.756	0.736875
2.757	0.7375
2.758	0.7375
2.759	0.7375
2.76	0.738125
2.761	0.738125
2.762	0.73875
2.763	0.739375
2.764	0.739375
2.765	0.74
2.766	0.74
2.767	0.740625
2.768	0.74125
2.769	0.741875
2.77	0.741875
2.771	0.741875
2.772	0.7425
2.773	0.7425
2.774	0.741875
2.775	0.741875
2.776	0.741875
2.777	0.741875
2.778	0.741875
2.779	0.74125
2.78	0.74125
2.781	0.740625
2.782	0.74
2.783	0.739375
2.784	0.739375
2.785	0.73875
2.786	0.738125
2.787	0.738125
2.788	0.7375
2.789	0.736875
2.79	0.73625
2.791	0.73625
2.792	0.73625
2.793	0.735625
2.794	0.735
2.795	0.735
2.796	0.734375
2.797	0.734375
2.798	0.73375
2.799	0.73375
2.8	0.733125
2.801	0.733125
2.802	0.733125
2.803	0.7325
2.804	0.7325
2.805	0.7325
2.806	0.7325
2.807	0.731875
2.808	0.731875
2.809	0.731875
2.81	0.731875
2.811	0.731875
2.812	0.731875
2.813	0.731875
2.814	0.731875
2.815	0.73125
2.816	0.73125
2.817	0.73125
2.818	0.730625
2.819	0.730625
2.82	0.73
2.821	0.729375
2.822	0.72875
2.823	0.72875
2.824	0.728125
2.825	0.7275
2.826	0.7275
2.827	0.72625
2.828	0.72625
2.829	0.72625
2.83	0.725625
2.831	0.725625
2.832	0.725
2.833	0.725
2.834	0.725
2.835	0.725
2.836	0.725
2.837	0.725
2.838	0.725
2.839	0.725625
2.84	0.725625
2.841	0.725625
2.842	0.72625
2.843	0.72625
2.844	0.726875
2.845	0.7275
2.846	0.728125
2.847	0.728125
2.848	0.72875
2.849	0.73
2.85	0.73
2.851	0.730625
2.852	0.73125
2.853	0.73125
2.854	0.731875
2.855	0.7325
2.856	0.7325
2.857	0.733125
2.858	0.733125
2.859	0.733125
2.86	0.733125
2.861	0.733125
2.862	0.733125
2.863	0.7325
2.864	0.7325
2.865	0.7325
2.866	0.731875
2.867	0.731875
2.868	0.73125
2.869	0.73125
2.87	0.730625
2.871	0.730625
2.872	0.730625
2.873	0.73
2.874	0.73
2.875	0.73
2.876	0.73
2.877	0.73
2.878	0.73
2.879	0.73
2.88	0.73
2.881	0.73
2.882	0.73
2.883	0.730625
2.884	0.730625
2.885	0.730625
2.886	0.730625
2.887	0.730625
2.888	0.73125
2.889	0.73125
2.89	0.731875
2.891	0.731875
2.892	0.731875
2.893	0.7325
2.894	0.7325
2.895	0.733125
2.896	0.73375
2.897	0.73375
2.898	0.734375
2.899	0.735
2.9	0.735
2.901	0.735625
2.902	0.735625
2.903	0.73625
2.904	0.736875
2.905	0.736875
2.906	0.7375
2.907	0.7375
2.908	0.738125
2.909	0.738125
2.91	0.73875
2.911	0.73875
2.912	0.73875
2.913	0.739375
2.914	0.739375
2.915	0.739375
2.916	0.739375
2.917	0.739375
2.918	0.739375
2.919	0.739375
2.92	0.739375
2.921	0.739375
2.922	0.739375
2.923	0.73875
2.924	0.73875
2.925	0.73875
2.926	0.73875
2.927	0.73875
2.928	0.73875
2.929	0.73875
2.93	0.738125
2.931	0.738125
2.932	0.738125
2.933	0.7375
2.934	0.7375
2.935	0.736875
2.936	0.73625
2.937	0.73625
2.938	0.735625
2.939	0.735
2.94	0.735
2.941	0.734375
2.942	0.73375
2.943	0.73375
2.944	0.733125
2.945	0.733125
2.946	0.733125
2.947	0.7325
2.948	0.7325
2.949	0.7325
2.95	0.731875
2.951	0.731875
2.952	0.731875
2.953	0.731875
2.954	0.731875
2.955	0.73125
2.956	0.73125
2.957	0.73125
2.958	0.73125
2.959	0.731875
2.96	0.731875
2.961	0.731875
2.962	0.731875
2.963	0.731875
2.964	0.731875
2.965	0.731875
2.966	0.731875
2.967	0.7325
2.968	0.7325
2.969	0.7325
2.97	0.733125
2.971	0.733125
2.972	0.733125
2.973	0.73375
2.974	0.73375
2.975	0.734375
2.976	0.734375
2.977	0.734375
2.978	0.735
2.979	0.735
2.98	0.735
2.981	0.735625
2.982	0.735625
2.983	0.735625
2.984	0.735625
2.985	0.735
2.986	0.735
2.987	0.735
2.988	0.735
2.989	0.735
2.99	0.735
2.991	0.735
2.992	0.734375
2.993	0.734375
2.994	0.734375
2.995	0.73375
2.996	0.73375
2.997	0.73375
2.998	0.733125
2.999	0.733125
3	0.733125
3.001	0.733125
3.002	0.733125
3.003	0.733125
3.004	0.733125
3.005	0.7325
3.006	0.7325
3.007	0.7325
3.008	0.7325
3.009	0.7325
3.01	0.7325
3.011	0.7325
3.012	0.7325
3.013	0.7325
3.014	0.7325
3.015	0.7325
3.016	0.7325
3.017	0.7325
3.018	0.731875
3.019	0.731875
3.02	0.7325
3.021	0.7325
3.022	0.7325
3.023	0.7325
3.024	0.733125
3.025	0.733125
3.026	0.733125
3.027	0.73375
3.028	0.73375
3.029	0.734375
3.03	0.734375
3.031	0.734375
3.032	0.735
3.033	0.735
3.034	0.734375
3.035	0.734375
3.036	0.734375
3.037	0.734375
3.038	0.73375
3.039	0.73375
3.04	0.733125
3.041	0.733125
3.042	0.7325
3.043	0.7325
3.044	0.7325
3.045	0.731875
3.046	0.731875
3.047	0.731875
3.048	0.7325
3.049	0.7325
3.05	0.7325
3.051	0.7325
3.052	0.7325
3.053	0.7325
3.054	0.7325
3.055	0.7325
3.056	0.7325
3.057	0.7325
3.058	0.7325
3.059	0.7325
3.06	0.7325
3.061	0.733125
3.062	0.73375
3.063	0.734375
3.064	0.735625
3.065	0.73625
3.066	0.738125
3.067	0.739375
3.068	0.74125
3.069	0.74375
3.07	0.746875
3.071	0.749375
3.072	0.7525
3.073	0.755625
3.074	0.759375
3.075	0.76375
3.076	0.768125
3.077	0.771875
3.078	0.77625
3.079	0.780625
3.08	0.785625
3.081	0.79
3.082	0.795
3.083	0.799375
3.084	0.804375
3.085	0.809375
3.086	0.814375
3.087	0.819375
3.088	0.82375
3.089	0.829375
3.09	0.834375
3.091	0.839375
3.092	0.844375
3.093	0.849375
3.094	0.854375
3.095	0.859375
3.096	0.865
3.097	0.87
3.098	0.875
3.099	0.880625
3.1	0.885625
3.101	0.890625
3.102	0.895625
3.103	0.900625
3.104	0.905625
3.105	0.91125
3.106	0.915625
3.107	0.920625
3.108	0.925625
3.109	0.930625
3.11	0.935625
3.111	0.94
3.112	0.944375
3.113	0.94875
3.114	0.953125
3.115	0.9575
3.116	0.96125
3.117	0.964375
3.118	0.968125
3.119	0.970625
3.12	0.974375
3.121	0.976875
3.122	0.979375
3.123	0.981875
3.124	0.98375
3.125	0.985625
3.126	0.986875
3.127	0.98875
3.128	0.99
3.129	0.990625
3.13	0.99125
3.131	0.9925
3.132	0.9925
3.133	0.993125
3.134	0.993125
3.135	0.9925
3.136	0.9925
3.137	0.9925
3.138	0.991875
3.139	0.99125
3.14	0.990625
3.141	0.99
3.142	0.989375
3.143	0.989375
3.144	0.988125
3.145	0.988125
3.146	0.986875
3.147	0.986875
3.148	0.98625
3.149	0.985625
3.15	0.985
3.151	0.985
3.152	0.985
3.153	0.984375
3.154	0.984375
3.155	0.984375
3.156	0.984375
3.157	0.98375
3.158	0.98375
3.159	0.98375
3.16	0.98375
3.161	0.98375
3.162	0.983125
3.163	0.983125
3.164	0.983125
3.165	0.983125
3.166	0.9825
3.167	0.9825
3.168	0.9825
3.169	0.981875
3.17	0.981875
3.171	0.981875
3.172	0.98125
3.173	0.98125
3.174	0.98125
3.175	0.98125
3.176	0.980625
3.177	0.980625
3.178	0.980625
3.179	0.98125
3.18	0.98125
3.181	0.98125
3.182	0.98125
3.183	0.98125
3.184	0.98125
3.185	0.98125
3.186	0.98125
3.187	0.98125
3.188	0.98125
3.189	0.981875
3.19	0.981875
3.191	0.981875
3.192	0.9825
3.193	0.9825
3.194	0.983125
3.195	0.983125
3.196	0.98375
3.197	0.984375
3.198	0.984375
3.199	0.984375
3.2	0.985
3.201	0.985
3.202	0.985
3.203	0.985
3.204	0.985
3.205	0.985
3.206	0.985
3.207	0.985
3.208	0.984375
3.209	0.984375
3.21	0.98375
3.211	0.98375
3.212	0.98375
3.213	0.98375
3.214	0.98375
3.215	0.98375
3.216	0.98375
3.217	0.984375
3.218	0.984375
3.219	0.984375
3.22	0.985
3.221	0.985
3.222	0.985
3.223	0.985
3.224	0.985
3.225	0.985
3.226	0.984375
3.227	0.984375
3.228	0.984375
3.229	0.98375
3.23	0.98375
3.231	0.983125
3.232	0.983125
3.233	0.9825
3.234	0.981875
3.235	0.981875
3.236	0.98125
3.237	0.98125
3.238	0.980625
3.239	0.98
3.24	0.98
3.241	0.979375
3.242	0.979375
3.243	0.979375
3.244	0.97875
3.245	0.97875
3.246	0.97875
3.247	0.97875
3.248	0.979375
3.249	0.979375
3.25	0.979375
3.251	0.98
3.252	0.98
3.253	0.98
3.254	0.980625
3.255	0.98125
3.256	0.981875
3.257	0.9825
3.258	0.983125
3.259	0.983125
3.26	0.98375
3.261	0.984375
3.262	0.984375
3.263	0.985
3.264	0.985
3.265	0.984375
3.266	0.984375
3.267	0.984375
3.268	0.984375
3.269	0.983125
3.27	0.983125
3.271	0.9825
3.272	0.981875
3.273	0.98125
3.274	0.980625
3.275	0.98
3.276	0.97875
3.277	0.97875
3.278	0.9775
3.279	0.976875
3.28	0.97625
3.281	0.97625
3.282	0.975625
3.283	0.975
3.284	0.975
3.285	0.975
3.286	0.974375
3.287	0.974375
3.288	0.974375
3.289	0.974375
3.29	0.974375
3.291	0.974375
3.292	0.974375
3.293	0.975
3.294	0.975
3.295	0.975
3.296	0.975
3.297	0.975
3.298	0.975
3.299	0.975
3.3	0.975
3.301	0.975
3.302	0.975
3.303	0.975
3.304	0.975
3.305	0.975
3.306	0.975625
3.307	0.975625
3.308	0.975625
3.309	0.975625
3.31	0.975625
3.311	0.975625
3.312	0.975625
3.313	0.975625
3.314	0.975625
3.315	0.975625
3.316	0.975625
3.317	0.975625
3.318	0.975625
3.319	0.975
3.32	0.975
3.321	0.975
3.322	0.975
3.323	0.975
3.324	0.975
3.325	0.975
3.326	0.975
3.327	0.975
3.328	0.975
3.329	0.975
3.33	0.975625
3.331	0.975625
3.332	0.975625
3.333	0.975625
3.334	0.975625
3.335	0.975625
3.336	0.975
3.337	0.975
3.338	0.975
3.339	0.975
3.34	0.975
3.341	0.974375
3.342	0.974375
3.343	0.974375
3.344	0.97375
3.345	0.97375
3.346	0.97375
3.347	0.973125
3.348	0.973125
3.349	0.973125
3.35	0.973125
3.351	0.97375
3.352	0.97375
3.353	0.97375
3.354	0.97375
3.355	0.974375
3.356	0.974375
3.357	0.974375
3.358	0.975
3.359	0.975
3.36	0.975
3.361	0.975
3.362	0.975
3.363	0.975
3.364	0.975
3.365	0.974375
3.366	0.974375
3.367	0.974375
3.368	0.97375
3.369	0.97375
3.37	0.97375
3.371	0.97375
3.372	0.974375
3.373	0.974375
3.374	0.974375
3.375	0.975
3.376	0.975625
3.377	0.97625
3.378	0.976875
3.379	0.978125
3.38	0.97875
3.381	0.979375
3.382	0.98
3.383	0.98125
3.384	0.981875
3.385	0.9825
3.386	0.9825
3.387	0.983125
3.388	0.983125
3.389	0.983125
3.39	0.983125
3.391	0.983125
3.392	0.983125
3.393	0.983125
3.394	0.9825
3.395	0.9825
3.396	0.981875
3.397	0.981875
3.398	0.981875
3.399	0.98125
3.4	0.98125
3.401	0.98125
3.402	0.98125
3.403	0.98125
3.404	0.98125
3.405	0.981875
3.406	0.981875
3.407	0.981875
3.408	0.9825
3.409	0.9825
3.41	0.9825
3.411	0.983125
3.412	0.98375
3.413	0.98375
3.414	0.984375
3.415	0.985
3.416	0.985
3.417	0.985625
3.418	0.98625
3.419	0.98625
3.42	0.986875
3.421	0.986875
3.422	0.9875
3.423	0.9875
3.424	0.988125
3.425	0.988125
3.426	0.988125
3.427	0.98875
3.428	0.98875
3.429	0.98875
3.43	0.98875
3.431	0.989375
3.432	0.989375
3.433	0.98875
3.434	0.98875
3.435	0.98875
3.436	0.98875
3.437	0.98875
3.438	0.98875
3.439	0.988125
3.44	0.988125
3.441	0.9875
3.442	0.986875
3.443	0.98625
3.444	0.98625
3.445	0.985625
3.446	0.985
3.447	0.984375
3.448	0.98375
3.449	0.983125
3.45	0.983125
3.451	0.981875
3.452	0.981875
3.453	0.98125
3.454	0.980625
3.455	0.980625
3.456	0.980625
3.457	0.98
3.458	0.98
3.459	0.98
3.46	0.98
3.461	0.979375
3.462	0.98
3.463	0.98
3.464	0.98
3.465	0.98
3.466	0.98
3.467	0.98
3.468	0.98
3.469	0.980625
3.47	0.980625
3.471	0.980625
3.472	0.98125
3.473	0.98125
3.474	0.98125
3.475	0.981875
3.476	0.981875
3.477	0.981875
3.478	0.981875
3.479	0.981875
3.48	0.981875
3.481	0.98125
3.482	0.98125
3.483	0.98125
3.484	0.980625
3.485	0.980625
3.486	0.98
3.487	0.979375
3.488	0.979375
3.489	0.978125
3.49	0.978125
3.491	0.9775
3.492	0.976875
3.493	0.976875
3.494	0.97625
3.495	0.975625
3.496	0.975625
3.497	0.975625
3.498	0.975
3.499	0.975
3.5	0.975
3.501	0.975
3.502	0.975
3.503	0.975
3.504	0.975625
3.505	0.975625
3.506	0.975625
3.507	0.97625
3.508	0.97625
3.509	0.97625
3.51	0.976875
3.511	0.976875
3.512	0.976875
3.513	0.976875
3.514	0.976875
3.515	0.9775
3.516	0.9775
3.517	0.976875
3.518	0.976875
3.519	0.976875
3.52	0.976875
3.521	0.976875
3.522	0.976875
3.523	0.976875
3.524	0.976875
3.525	0.976875
3.526	0.97625
3.527	0.976875
3.528	0.976875
3.529	0.976875
3.53	0.976875
3.531	0.976875
3.532	0.97625
3.533	0.97625
3.534	0.97625
3.535	0.97625
3.536	0.97625
3.537	0.97625
3.538	0.97625
3.539	0.97625
3.54	0.97625
3.541	0.975625
3.542	0.975625
3.543	0.975625
3.544	0.975625
3.545	0.975
3.546	0.975
3.547	0.975
3.548	0.975
3.549	0.975
3.55	0.975625
3.551	0.975625
3.552	0.975625
3.553	0.975625
3.554	0.975625
3.555	0.975625
3.556	0.97625
3.557	0.97625
3.558	0.976875
3.559	0.976875
3.56	0.976875
3.561	0.976875
3.562	0.9775
3.563	0.9775
3.564	0.9775
3.565	0.978125
3.566	0.978125
3.567	0.978125
3.568	0.97875
3.569	0.97875
3.57	0.97875
3.571	0.97875
3.572	0.979375
3.573	0.979375
3.574	0.979375
3.575	0.98
3.576	0.98
3.577	0.98
3.578	0.980625
3.579	0.980625
3.58	0.98125
3.581	0.981875
3.582	0.9825
3.583	0.9825
3.584	0.983125
3.585	0.984375
3.586	0.985
3.587	0.985
3.588	0.985625
3.589	0.985625
3.59	0.985625
3.591	0.985625
3.592	0.985625
3.593	0.985
3.594	0.984375
3.595	0.98375
3.596	0.981875
3.597	0.98125
3.598	0.979375
3.599	0.9775
3.6	0.975
3.601	0.9725
3.602	0.97
3.603	0.9675
3.604	0.964375
3.605	0.96125
3.606	0.9575
3.607	0.954375
3.608	0.950625
3.609	0.9475
3.61	0.943125
3.611	0.94
3.612	0.935625
3.613	0.931875
3.614	0.9275
3.615	0.92375
3.616	0.91875
3.617	0.915
3.618	0.910625
3.619	0.905625
3.62	0.90125
3.621	0.896875
3.622	0.891875
3.623	0.8875
3.624	0.8825
3.625	0.878125
3.626	0.873125
3.627	0.868125
3.628	0.86375
3.629	0.85875
3.63	0.854375
3.631	0.849375
3.632	0.844375
3.633	0.839375
3.634	0.834375
3.635	0.83
3.636	0.825
3.637	0.82
3.638	0.815625
3.639	0.810625
3.64	0.805625
3.641	0.80125
3.642	0.79625
3.643	0.791875
3.644	0.7875
3.645	0.783125
3.646	0.77875
3.647	0.774375
3.648	0.770625
3.649	0.76625
3.65	0.7625
3.651	0.758125
3.652	0.755
3.653	0.751875
3.654	0.7475
3.655	0.744375
3.656	0.74125
3.657	0.7375
3.658	0.734375
3.659	0.73125
3.66	0.728125
3.661	0.725625
3.662	0.723125
3.663	0.720625
3.664	0.718125
3.665	0.71625
3.666	0.714375
3.667	0.7125
3.668	0.71125
3.669	0.71
3.67	0.70875
3.671	0.708125
3.672	0.7075
3.673	0.706875
3.674	0.70625
3.675	0.70625
3.676	0.705625
3.677	0.705625
3.678	0.70625
3.679	0.70625
3.68	0.70625
3.681	0.70625
3.682	0.70625
3.683	0.706875
3.684	0.706875
3.685	0.706875
3.686	0.7075
3.687	0.7075
3.688	0.708125
3.689	0.708125
3.69	0.708125
3.691	0.70875
3.692	0.70875
3.693	0.70875
3.694	0.709375
3.695	0.709375
3.696	0.71
3.697	0.71
3.698	0.710625
3.699	0.710625
3.7	0.710625
3.701	0.710625
3.702	0.710625
3.703	0.71125
3.704	0.71125
3.705	0.71125
3.706	0.71125
3.707	0.71125
3.708	0.71125
3.709	0.71125
3.71	0.71125
3.711	0.711875
3.712	0.711875
3.713	0.711875
3.714	0.711875
3.715	0.711875
3.716	0.711875
3.717	0.711875
3.718	0.711875
3.719	0.711875
3.72	0.711875
3.721	0.711875
3.722	0.711875
3.723	0.711875
3.724	0.711875
3.725	0.7125
3.726	0.7125
3.727	0.7125
3.728	0.713125
3.729	0.713125
3.73	0.71375
3.731	0.71375
3.732	0.71375
3.733	0.714375
3.734	0.714375
3.735	0.714375
3.736	0.715
3.737	0.715
3.738	0.715
3.739	0.715
3.74	0.715
3.741	0.715
3.742	0.715
3.743	0.715
3.744	0.715
3.745	0.715
3.746	0.714375
3.747	0.714375
3.748	0.714375
3.749	0.71375
3.75	0.71375
3.751	0.71375
3.752	0.713125
3.753	0.713125
3.754	0.713125
3.755	0.713125
3.756	0.713125
3.757	0.713125
3.758	0.713125
3.759	0.713125
3.76	0.713125
3.761	0.713125
3.762	0.713125
3.763	0.71375
3.764	0.71375
3.765	0.714375
3.766	0.715
3.767	0.715
3.768	0.71625
3.769	0.71625
3.77	0.7175
3.771	0.7175
3.772	0.718125
3.773	0.71875
3.774	0.719375
3.775	0.719375
3.776	0.72
3.777	0.720625
3.778	0.72125
3.779	0.72125
3.78	0.72125
3.781	0.721875
3.782	0.721875
3.783	0.721875
3.784	0.721875
3.785	0.721875
3.786	0.721875
3.787	0.72125
3.788	0.72125
3.789	0.72125
3.79	0.72125
3.791	0.72125
3.792	0.72125
3.793	0.72125
3.794	0.720625
3.795	0.720625
3.796	0.720625
3.797	0.72
3.798	0.72
3.799	0.72
3.8	0.72
3.801	0.72
3.802	0.719375
3.803	0.719375
3.804	0.719375
3.805	0.719375
3.806	0.72
3.807	0.72
3.808	0.72
3.809	0.72
3.81	0.72
3.811	0.72
3.812	0.72
3.813	0.720625
3.814	0.720625
3.815	0.720625
3.816	0.72125
3.817	0.72125
3.818	0.72125
3.819	0.72125
3.82	0.72125
3.821	0.72125
3.822	0.72125
3.823	0.72125
3.824	0.72125
3.825	0.72125
3.826	0.72125
3.827	0.72125
3.828	0.72125
3.829	0.720625
3.83	0.720625
3.831	0.72
3.832	0.72
3.833	0.72
3.834	0.72
3.835	0.72
3.836	0.72
3.837	0.719375
3.838	0.719375
3.839	0.719375
3.84	0.719375
3.841	0.72
3.842	0.72
3.843	0.72
3.844	0.72
3.845	0.72
3.846	0.72
3.847	0.72
3.848	0.72
3.849	0.72
3.85	0.72
3.851	0.72
3.852	0.720625
3.853	0.720625
3.854	0.720625
3.855	0.72125
3.856	0.72125
3.857	0.721875
3.858	0.721875
3.859	0.7225
3.86	0.7225
3.861	0.723125
3.862	0.723125
3.863	0.723125
3.864	0.72375
3.865	0.72375
3.866	0.72375
3.867	0.72375
3.868	0.72375
3.869	0.72375
3.87	0.72375
3.871	0.72375
3.872	0.72375
3.873	0.72375
3.874	0.72375
3.875	0.72375
3.876	0.72375
3.877	0.72375
3.878	0.723125
3.879	0.72375
3.88	0.72375
3.881	0.72375
3.882	0.72375
3.883	0.72375
3.884	0.72375
3.885	0.72375
3.886	0.72375
3.887	0.72375
3.888	0.724375
3.889	0.724375
3.89	0.724375
3.891	0.724375
3.892	0.724375
3.893	0.724375
3.894	0.724375
3.895	0.725
3.896	0.725
3.897	0.725
3.898	0.725
3.899	0.724375
3.9	0.724375
3.901	0.724375
3.902	0.724375
3.903	0.724375
3.904	0.724375
3.905	0.724375
3.906	0.724375
3.907	0.724375
3.908	0.724375
3.909	0.72375
3.91	0.72375
3.911	0.72375
3.912	0.723125
3.913	0.723125
3.914	0.723125
3.915	0.723125
3.916	0.7225
3.917	0.7225
3.918	0.7225
3.919	0.721875
3.92	0.721875
3.921	0.72125
3.922	0.72125
3.923	0.72125
3.924	0.720625
3.925	0.72
3.926	0.72
3.927	0.719375
3.928	0.719375
3.929	0.71875
3.93	0.71875
3.931	0.71875
3.932	0.718125
3.933	0.718125
3.934	0.718125
3.935	0.71875
3.936	0.71875
3.937	0.71875
3.938	0.719375
3.939	0.719375
3.94	0.72
3.941	0.72
3.942	0.72
3.943	0.720625
3.944	0.720625
3.945	0.72125
3.946	0.72125
3.947	0.72125
3.948	0.721875
3.949	0.721875
3.95	0.721875
3.951	0.721875
3.952	0.721875
3.953	0.72125
3.954	0.72125
3.955	0.72125
3.956	0.72125
3.957	0.721875
3.958	0.721875
3.959	0.721875
3.96	0.721875
3.961	0.721875
3.962	0.721875
3.963	0.721875
3.964	0.721875
3.965	0.721875
3.966	0.721875
3.967	0.721875
3.968	0.7225
3.969	0.7225
3.97	0.7225
3.971	0.7225
3.972	0.7225
3.973	0.7225
3.974	0.7225
3.975	0.7225
3.976	0.7225
3.977	0.7225
3.978	0.7225
3.979	0.7225
3.98	0.7225
3.981	0.7225
3.982	0.7225
3.983	0.7225
3.984	0.721875
3.985	0.721875
3.986	0.721875
3.987	0.721875
3.988	0.721875
3.989	0.721875
3.99	0.721875
3.991	0.72125
3.992	0.72125
3.993	0.72125
3.994	0.72125
3.995	0.72125
3.996	0.72125
3.997	0.72125
3.998	0.72125
3.999	0.72125
4	0.72125
4.001	0.72125
4.002	0.721875
4.003	0.721875
4.004	0.721875
4.005	0.721875
4.006	0.721875
4.007	0.7225
4.008	0.7225
4.009	0.7225
4.01	0.723125
4.011	0.723125
4.012	0.72375
4.013	0.72375
4.014	0.72375
4.015	0.724375
4.016	0.724375
4.017	0.724375
4.018	0.725
4.019	0.725
4.02	0.725
4.021	0.725
4.022	0.725
4.023	0.724375
4.024	0.724375
4.025	0.724375
4.026	0.724375
4.027	0.724375
4.028	0.724375
4.029	0.725
4.03	0.725
4.031	0.725
4.032	0.725
4.033	0.725
4.034	0.725
4.035	0.725
4.036	0.725
4.037	0.725625
4.038	0.725625
4.039	0.725625
4.04	0.725625
4.041	0.725625
4.042	0.725625
4.043	0.725
4.044	0.725
4.045	0.725
4.046	0.724375
4.047	0.724375
4.048	0.724375
4.049	0.72375
4.05	0.72375
4.051	0.72375
4.052	0.723125
4.053	0.723125
4.054	0.7225
4.055	0.7225
4.056	0.7225
4.057	0.721875
4.058	0.721875
4.059	0.721875
4.06	0.721875
4.061	0.721875
4.062	0.721875
4.063	0.721875
4.064	0.721875
4.065	0.721875
4.066	0.721875
4.067	0.721875
4.068	0.721875
4.069	0.721875
4.07	0.721875
4.071	0.72125
4.072	0.72125
4.073	0.72125
4.074	0.72125
4.075	0.721875
4.076	0.721875
4.077	0.721875
4.078	0.721875
4.079	0.721875
4.08	0.721875
4.081	0.721875
4.082	0.721875
4.083	0.721875
4.084	0.7225
4.085	0.7225
4.086	0.7225
4.087	0.723125
4.088	0.723125
4.089	0.723125
4.09	0.72375
4.091	0.72375
4.092	0.724375
4.093	0.724375
4.094	0.724375
4.095	0.725
4.096	0.725
4.097	0.725
4.098	0.725625
4.099	0.725625
4.1	0.72625
4.101	0.72625
4.102	0.72625
4.103	0.726875
4.104	0.726875
4.105	0.726875
4.106	0.726875
4.107	0.726875
4.108	0.726875
4.109	0.7275
4.11	0.7275
4.111	0.726875
4.112	0.726875
4.113	0.726875
4.114	0.726875
4.115	0.726875
4.116	0.726875
4.117	0.726875
4.118	0.72625
4.119	0.72625
4.12	0.72625
4.121	0.72625
4.122	0.726875
4.123	0.726875
4.124	0.726875
4.125	0.726875
4.126	0.726875
4.127	0.726875
4.128	0.726875
4.129	0.726875
4.13	0.726875
4.131	0.726875
4.132	0.7275
4.133	0.7275
4.134	0.7275
4.135	0.7275
4.136	0.7275
4.137	0.7275
4.138	0.7275
4.139	0.726875
4.14	0.7275
4.141	0.7275
4.142	0.726875
4.143	0.726875
4.144	0.7275
4.145	0.7275
4.146	0.7275
4.147	0.726875
4.148	0.726875
4.149	0.726875
4.15	0.726875
4.151	0.726875
4.152	0.726875
4.153	0.726875
4.154	0.726875
4.155	0.726875
4.156	0.726875
4.157	0.726875
4.158	0.726875
4.159	0.72625
4.16	0.72625
4.161	0.72625
4.162	0.72625
4.163	0.72625
4.164	0.72625
4.165	0.72625
4.166	0.72625
4.167	0.72625
4.168	0.72625
4.169	0.72625
4.17	0.72625
4.171	0.72625
4.172	0.72625
4.173	0.726875
4.174	0.726875
4.175	0.7275
4.176	0.7275
4.177	0.7275
4.178	0.728125
4.179	0.728125
4.18	0.72875
4.181	0.72875
4.182	0.729375
4.183	0.729375
4.184	0.729375
4.185	0.73
4.186	0.73
4.187	0.73
4.188	0.73
4.189	0.730625
4.19	0.730625
4.191	0.730625
4.192	0.730625
4.193	0.730625
4.194	0.730625
4.195	0.730625
4.196	0.730625
4.197	0.730625
4.198	0.730625
4.199	0.730625
4.2	0.730625
4.201	0.730625
4.202	0.730625
4.203	0.730625
4.204	0.730625
4.205	0.730625
4.206	0.730625
4.207	0.730625
4.208	0.730625
4.209	0.730625
4.21	0.730625
4.211	0.73125
4.212	0.73125
4.213	0.73125
4.214	0.73125
4.215	0.731875
4.216	0.731875
4.217	0.731875
4.218	0.7325
4.219	0.7325
4.22	0.7325
4.221	0.7325
4.222	0.733125
4.223	0.733125
4.224	0.733125
4.225	0.733125
4.226	0.733125
4.227	0.733125
4.228	0.733125
4.229	0.733125
4.23	0.733125
4.231	0.733125
4.232	0.733125
4.233	0.733125
4.234	0.733125
4.235	0.733125
4.236	0.733125
4.237	0.733125
4.238	0.733125
4.239	0.7325
4.24	0.7325
4.241	0.7325
4.242	0.7325
4.243	0.7325
4.244	0.7325
4.245	0.731875
4.246	0.7325
4.247	0.7325
4.248	0.7325
4.249	0.733125
4.25	0.73375
4.251	0.734375
4.252	0.735625
4.253	0.736875
4.254	0.73875
4.255	0.740625
4.256	0.743125
4.257	0.745625
4.258	0.748125
4.259	0.75125
4.26	0.754375
4.261	0.758125
4.262	0.76125
4.263	0.765625
4.264	0.769375
4.265	0.773125
4.266	0.7775
4.267	0.78125
4.268	0.785625
4.269	0.79
4.27	0.794375
4.271	0.798125
4.272	0.803125
4.273	0.8075
4.274	0.811875
4.275	0.81625
4.276	0.82125
4.277	0.82625
4.278	0.83125
4.279	0.835625
4.28	0.840625
4.281	0.845625
4.282	0.850625
4.283	0.855625
4.284	0.860625
4.285	0.865
4.286	0.87
4.287	0.875
4.288	0.88
4.289	0.885
4.29	0.89
4.291	0.895
4.292	0.899375
4.293	0.904375
4.294	0.90875
4.295	0.91375
4.296	0.918125
4.297	0.9225
4.298	0.926875
4.299	0.93125
4.3	0.935625
4.301	0.939375
4.302	0.94375
4.303	0.946875
4.304	0.950625
4.305	0.95375
4.306	0.956875
4.307	0.96
4.308	0.9625
4.309	0.965
4.31	0.966875
4.311	0.96875
4.312	0.970625
4.313	0.9725
4.314	0.97375
4.315	0.974375
4.316	0.975625
4.317	0.97625
4.318	0.976875
4.319	0.9775
4.32	0.9775
4.321	0.9775
4.322	0.978125
4.323	0.978125
4.324	0.978125
4.325	0.978125
4.326	0.978125
4.327	0.978125
4.328	0.978125
4.329	0.978125
4.33	0.978125
4.331	0.978125
4.332	0.978125
4.333	0.978125
4.334	0.978125
4.335	0.978125
4.336	0.978125
4.337	0.978125
4.338	0.978125
4.339	0.978125
4.34	0.9775
4.341	0.976875
4.342	0.97625
4.343	0.97625
4.344	0.975625
4.345	0.975
4.346	0.975
4.347	0.97375
4.348	0.973125
4.349	0.973125
4.35	0.9725
4.351	0.971875
4.352	0.971875
4.353	0.97125
4.354	0.970625
4.355	0.970625
4.356	0.97
4.357	0.97
4.358	0.97
4.359	0.969375
4.36	0.969375
4.361	0.969375
4.362	0.969375
4.363	0.97
4.364	0.97
4.365	0.97
4.366	0.97
4.367	0.97
4.368	0.97
4.369	0.97
4.37	0.970625
4.371	0.970625
4.372	0.970625
4.373	0.970625
4.374	0.970625
4.375	0.97125
4.376	0.97125
4.377	0.970625
4.378	0.970625
4.379	0.970625
4.38	0.970625
4.381	0.970625
4.382	0.970625
4.383	0.970625
4.384	0.97
4.385	0.97
4.386	0.97
4.387	0.969375
4.388	0.969375
4.389	0.969375
4.39	0.969375
4.391	0.969375
4.392	0.969375
4.393	0.969375
4.394	0.969375
4.395	0.969375
4.396	0.969375
4.397	0.969375
4.398	0.969375
4.399	0.969375
4.4	0.969375
4.401	0.97
4.402	0.97
4.403	0.97
4.404	0.97
4.405	0.97
4.406	0.969375
4.407	0.969375
4.408	0.969375
4.409	0.969375
4.41	0.969375
4.411	0.969375
4.412	0.969375
4.413	0.969375
4.414	0.969375
4.415	0.97
4.416	0.97
4.417	0.97
4.418	0.97
4.419	0.97
4.42	0.97
4.421	0.97
4.422	0.97
4.423	0.970625
4.424	0.970625
4.425	0.97125
4.426	0.97125
4.427	0.97125
4.428	0.97125
4.429	0.97125
4.43	0.971875
4.431	0.971875
4.432	0.971875
4.433	0.971875
4.434	0.971875
4.435	0.971875
4.436	0.971875
4.437	0.971875
4.438	0.971875
4.439	0.971875
4.44	0.971875
4.441	0.971875
4.442	0.9725
4.443	0.9725
4.444	0.9725
4.445	0.9725
4.446	0.9725
4.447	0.973125
4.448	0.973125
4.449	0.973125
4.45	0.973125
4.451	0.97375
4.452	0.97375
4.453	0.97375
4.454	0.97375
4.455	0.973125
4.456	0.973125
4.457	0.973125
4.458	0.973125
4.459	0.973125
4.46	0.9725
4.461	0.9725
4.462	0.971875
4.463	0.97125
4.464	0.970625
4.465	0.970625
4.466	0.97
4.467	0.969375
4.468	0.96875
4.469	0.96875
4.47	0.968125
4.471	0.9675
4.472	0.9675
4.473	0.966875
4.474	0.966875
4.475	0.966875
4.476	0.966875
4.477	0.9675
4.478	0.9675
4.479	0.9675
4.48	0.968125
4.481	0.96875
4.482	0.969375
4.483	0.97
4.484	0.97125
4.485	0.971875
4.486	0.9725
4.487	0.973125
4.488	0.97375
4.489	0.974375
4.49	0.975
4.491	0.975
4.492	0.97625
4.493	0.97625
4.494	0.976875
4.495	0.976875
4.496	0.976875
4.497	0.9775
4.498	0.9775
4.499	0.9775
4.5	0.9775
4.501	0.9775
4.502	0.9775
4.503	0.9775
4.504	0.978125
4.505	0.978125
4.506	0.97875
4.507	0.97875
4.508	0.97875
4.509	0.979375
4.51	0.979375
4.511	0.98
4.512	0.980625
4.513	0.98125
4.514	0.98125
4.515	0.981875
4.516	0.981875
4.517	0.981875
4.518	0.9825
4.519	0.9825
4.52	0.983125
4.521	0.983125
4.522	0.983125
4.523	0.983125
4.524	0.983125
4.525	0.983125
4.526	0.98375
4.527	0.98375
4.528	0.98375
4.529	0.98375
4.53	0.98375
4.531	0.98375
4.532	0.98375
4.533	0.984375
4.534	0.984375
4.535	0.984375
4.536	0.984375
4.537	0.984375
4.538	0.984375
4.539	0.984375
4.54	0.98375
4.541	0.98375
4.542	0.98375
4.543	0.98375
4.544	0.98375
4.545	0.98375
4.546	0.98375
4.547	0.98375
4.548	0.98375
4.549	0.98375
4.55	0.98375
4.551	0.98375
4.552	0.98375
4.553	0.98375
4.554	0.98375
4.555	0.983125
4.556	0.983125
4.557	0.983125
4.558	0.983125
4.559	0.983125
4.56	0.983125
4.561	0.983125
4.562	0.983125
4.563	0.983125
4.564	0.983125
4.565	0.983125
4.566	0.983125
4.567	0.9825
4.568	0.9825
4.569	0.9825
4.57	0.9825
4.571	0.9825
4.572	0.9825
4.573	0.9825
4.574	0.9825
4.575	0.9825
4.576	0.9825
4.577	0.9825
4.578	0.9825
4.579	0.9825
4.58	0.981875
4.581	0.981875
4.582	0.981875
4.583	0.98125
4.584	0.98125
4.585	0.98125
4.586	0.98125
4.587	0.98125
4.588	0.980625
4.589	0.980625
4.59	0.980625
4.591	0.980625
4.592	0.98125
4.593	0.98125
4.594	0.98125
4.595	0.98125
4.596	0.98125
4.597	0.98125
4.598	0.98125
4.599	0.981875
4.6	0.981875
4.601	0.981875
4.602	0.9825
4.603	0.9825
4.604	0.983125
4.605	0.983125
4.606	0.98375
4.607	0.98375
4.608	0.984375
4.609	0.984375
4.61	0.984375
4.611	0.985
4.612	0.984375
4.613	0.984375
4.614	0.984375
4.615	0.984375
4.616	0.984375
4.617	0.98375
4.618	0.98375
4.619	0.98375
4.62	0.983125
4.621	0.983125
4.622	0.983125
4.623	0.9825
4.624	0.9825
4.625	0.981875
4.626	0.981875
4.627	0.981875
4.628	0.981875
4.629	0.981875
4.63	0.9825
4.631	0.9825
4.632	0.9825
4.633	0.983125
4.634	0.983125
4.635	0.98375
4.636	0.98375
4.637	0.984375
4.638	0.984375
4.639	0.985
4.64	0.985
4.641	0.985
4.642	0.985
4.643	0.985
4.644	0.985
4.645	0.985
4.646	0.985
4.647	0.984375
4.648	0.984375
4.649	0.98375
4.65	0.983125
4.651	0.983125
4.652	0.9825
4.653	0.9825
4.654	0.9825
4.655	0.981875
4.656	0.981875
4.657	0.98125
4.658	0.98125
4.659	0.98125
4.66	0.98125
4.661	0.98125
4.662	0.980625
4.663	0.980625
4.664	0.980625
4.665	0.980625
4.666	0.980625
4.667	0.98
4.668	0.98
4.669	0.98
4.67	0.979375
4.671	0.979375
4.672	0.97875
4.673	0.97875
4.674	0.97875
4.675	0.978125
4.676	0.978125
4.677	0.978125
4.678	0.978125
4.679	0.978125
4.68	0.97875
4.681	0.97875
4.682	0.97875
4.683	0.97875
4.684	0.97875
4.685	0.979375
4.686	0.979375
4.687	0.979375
4.688	0.98
4.689	0.98
4.69	0.98
4.691	0.98
4.692	0.98
4.693	0.98
4.694	0.98
4.695	0.979375
4.696	0.979375
4.697	0.979375
4.698	0.979375
4.699	0.979375
4.7	0.97875
4.701	0.97875
4.702	0.97875
4.703	0.97875
4.704	0.97875
4.705	0.97875
4.706	0.97875
4.707	0.979375
4.708	0.979375
4.709	0.979375
4.71	0.979375
4.711	0.979375
4.712	0.979375
4.713	0.98
4.714	0.98
4.715	0.980625
4.716	0.980625
4.717	0.980625
4.718	0.980625
4.719	0.980625
4.72	0.980625
4.721	0.98125
4.722	0.98125
4.723	0.98125
4.724	0.98125
4.725	0.98125
4.726	0.98125
4.727	0.98125
4.728	0.98125
4.729	0.98125
4.73	0.98125
4.731	0.98125
4.732	0.98125
4.733	0.98125
4.734	0.98125
4.735	0.981875
4.736	0.981875
4.737	0.981875
4.738	0.9825
4.739	0.9825
4.74	0.9825
4.741	0.983125
4.742	0.983125
4.743	0.98375
4.744	0.98375
4.745	0.984375
4.746	0.985
4.747	0.985
4.748	0.985625
4.749	0.985625
4.75	0.985625
4.751	0.98625
4.752	0.98625
4.753	0.98625
4.754	0.98625
4.755	0.986875
4.756	0.986875
4.757	0.986875
4.758	0.986875
4.759	0.986875
4.76	0.986875
4.761	0.98625
4.762	0.98625
4.763	0.98625
4.764	0.98625
4.765	0.985625
4.766	0.985
4.767	0.984375
4.768	0.984375
4.769	0.983125
4.77	0.983125
4.771	0.981875
4.772	0.981875
4.773	0.980625
4.774	0.980625
4.775	0.979375
4.776	0.97875
4.777	0.97875
4.778	0.978125
4.779	0.9775
4.78	0.9775
4.781	0.9775
4.782	0.9775
4.783	0.9775
4.784	0.978125
4.785	0.978125
4.786	0.978125
4.787	0.97875
4.788	0.979375
4.789	0.979375
4.79	0.980625
4.791	0.980625
4.792	0.98125
4.793	0.981875
4.794	0.981875
4.795	0.9825
4.796	0.983125
4.797	0.98375
4.798	0.98375
4.799	0.98375
4.8	0.984375
4.801	0.984375
4.802	0.985
4.803	0.985
4.804	0.985
4.805	0.985625
4.806	0.985625
4.807	0.985625
4.808	0.98625
4.809	0.98625
4.81	0.98625
4.811	0.986875
4.812	0.986875
4.813	0.9875
4.814	0.9875
4.815	0.9875
4.816	0.9875
4.817	0.988125
4.818	0.98875
4.819	0.98875
4.82	0.989375
4.821	0.99
4.822	0.99
4.823	0.990625
4.824	0.990625
4.825	0.990625
4.826	0.99125
4.827	0.990625
4.828	0.990625
4.829	0.990625
4.83	0.99
4.831	0.989375
4.832	0.98875
4.833	0.986875
4.834	0.985625
4.835	0.98375
4.836	0.981875
4.837	0.979375
4.838	0.976875
4.839	0.974375
4.84	0.97125
4.841	0.96875
4.842	0.965
4.843	0.961875
4.844	0.958125
4.845	0.955
4.846	0.95125
4.847	0.946875
4.848	0.9425
4.849	0.93875
4.85	0.934375
4.851	0.93
4.852	0.925625
4.853	0.92125
4.854	0.91625
4.855	0.911875
4.856	0.9075
4.857	0.9025
4.858	0.898125
4.859	0.893125
4.86	0.888125
4.861	0.883125
4.862	0.878125
4.863	0.873125
4.864	0.868125
4.865	0.863125
4.866	0.858125
4.867	0.853125
4.868	0.848125
4.869	0.8425
4.87	0.8375
4.871	0.833125
4.872	0.828125
4.873	0.823125
4.874	0.81875
4.875	0.81375
4.876	0.80875
4.877	0.805
4.878	0.8
4.879	0.79625
4.88	0.791875
4.881	0.788125
4.882	0.784375
4.883	0.78
4.884	0.776875
4.885	0.773125
4.886	0.77
4.887	0.766875
4.888	0.76375
4.889	0.760625
4.89	0.7575
4.891	0.754375
4.892	0.751875
4.893	0.749375
4.894	0.746875
4.895	0.744375
4.896	0.741875
4.897	0.74
4.898	0.7375
4.899	0.735
4.9	0.733125
4.901	0.73125
4.902	0.729375
4.903	0.728125
4.904	0.72625
4.905	0.725
4.906	0.72375
4.907	0.723125
4.908	0.721875
4.909	0.72125
4.91	0.720625
4.911	0.72
4.912	0.72
4.913	0.72
4.914	0.720625
4.915	0.720625
4.916	0.720625
4.917	0.72125
4.918	0.721875
4.919	0.7225
4.92	0.723125
4.921	0.724375
4.922	0.725
4.923	0.725625
4.924	0.72625
4.925	0.7275
4.926	0.7275
4.927	0.728125
4.928	0.72875
4.929	0.729375
4.93	0.729375
4.931	0.729375
4.932	0.73
4.933	0.73
4.934	0.729375
4.935	0.729375
4.936	0.729375
4.937	0.729375
4.938	0.729375
4.939	0.729375
4.94	0.72875
4.941	0.72875
4.942	0.729375
4.943	0.729375
4.944	0.729375
4.945	0.729375
4.946	0.729375
4.947	0.729375
4.948	0.73
4.949	0.73
4.95	0.730625
4.951	0.730625
4.952	0.730625
4.953	0.73125
4.954	0.73125
4.955	0.73125
4.956	0.73125
4.957	0.73125
4.958	0.731875
4.959	0.731875
4.96	0.731875
4.961	0.731875
4.962	0.731875
4.963	0.731875
4.964	0.731875
4.965	0.7325
4.966	0.7325
4.967	0.7325
4.968	0.733125
4.969	0.733125
4.97	0.73375
4.971	0.734375
4.972	0.735
4.973	0.735
4.974	0.735625
4.975	0.73625
4.976	0.73625
4.977	0.736875
4.978	0.736875
4.979	0.7375
4.98	0.7375
4.981	0.7375
4.982	0.738125
4.983	0.738125
4.984	0.738125
4.985	0.73875
4.986	0.73875
4.987	0.73875
4.988	0.73875
4.989	0.73875
4.99	0.739375
4.991	0.739375
4.992	0.739375
4.993	0.739375
4.994	0.739375
4.995	0.739375
4.996	0.739375
4.997	0.74
4.998	0.74
4.999	0.74
5	0.74
5.001	0.74
5.002	0.74
5.003	0.74
5.004	0.74
5.005	0.74
5.006	0.74
5.007	0.74
5.008	0.74
5.009	0.74
5.01	0.739375
5.011	0.739375
5.012	0.739375
5.013	0.739375
5.014	0.739375
5.015	0.73875
5.016	0.73875
5.017	0.73875
5.018	0.73875
5.019	0.738125
5.02	0.738125
5.021	0.738125
5.022	0.738125
5.023	0.738125
5.024	0.738125
5.025	0.738125
5.026	0.738125
5.027	0.738125
5.028	0.738125
5.029	0.738125
5.03	0.738125
5.031	0.738125
5.032	0.738125
5.033	0.738125
5.034	0.738125
5.035	0.738125
5.036	0.738125
5.037	0.738125
5.038	0.738125
5.039	0.738125
5.04	0.738125
5.041	0.738125
5.042	0.738125
5.043	0.73875
5.044	0.73875
5.045	0.73875
5.046	0.73875
5.047	0.739375
5.048	0.739375
5.049	0.739375
5.05	0.74
5.051	0.74
5.052	0.74
5.053	0.740625
5.054	0.740625
5.055	0.74125
5.056	0.74125
5.057	0.74125
5.058	0.74125
5.059	0.74125
5.06	0.74125
5.061	0.740625
5.062	0.740625
5.063	0.740625
5.064	0.740625
5.065	0.740625
5.066	0.740625
5.067	0.740625
5.068	0.740625
5.069	0.740625
5.07	0.740625
5.071	0.740625
5.072	0.740625
5.073	0.740625
5.074	0.740625
5.075	0.740625
5.076	0.740625
5.077	0.740625
5.078	0.740625
5.079	0.740625
5.08	0.740625
5.081	0.740625
5.082	0.740625
5.083	0.740625
5.084	0.740625
5.085	0.740625
5.086	0.740625
5.087	0.740625
5.088	0.74
5.089	0.74
5.09	0.74
5.091	0.74
5.092	0.74
5.093	0.74
5.094	0.74
5.095	0.74
5.096	0.74
5.097	0.74
5.098	0.74
5.099	0.74
5.1	0.740625
5.101	0.740625
5.102	0.740625
5.103	0.740625
5.104	0.740625
5.105	0.74125
5.106	0.74125
5.107	0.74125
5.108	0.741875
5.109	0.741875
5.11	0.7425
5.111	0.7425
5.112	0.743125
5.113	0.743125
5.114	0.74375
5.115	0.74375
5.116	0.74375
5.117	0.744375
5.118	0.744375
5.119	0.744375
5.12	0.744375
5.121	0.745
5.122	0.745
5.123	0.744375
5.124	0.744375
5.125	0.744375
5.126	0.744375
5.127	0.744375
5.128	0.744375
5.129	0.74375
5.13	0.74375
5.131	0.74375
5.132	0.743125
5.133	0.743125
5.134	0.743125
5.135	0.743125
5.136	0.743125
5.137	0.743125
5.138	0.743125
5.139	0.743125
5.14	0.74375
5.141	0.74375
5.142	0.74375
5.143	0.74375
5.144	0.74375
5.145	0.74375
5.146	0.74375
5.147	0.74375
5.148	0.74375
5.149	0.74375
5.15	0.74375
5.151	0.74375
5.152	0.74375
5.153	0.74375
5.154	0.74375
5.155	0.74375
5.156	0.74375
5.157	0.74375
5.158	0.743125
5.159	0.743125
5.16	0.743125
5.161	0.7425
5.162	0.7425
5.163	0.7425
5.164	0.741875
5.165	0.741875
5.166	0.741875
5.167	0.741875
5.168	0.741875
5.169	0.741875
5.17	0.741875
5.171	0.741875
5.172	0.741875
5.173	0.741875
5.174	0.741875
5.175	0.741875
5.176	0.7425
5.177	0.7425
5.178	0.7425
5.179	0.7425
5.18	0.7425
5.181	0.743125
5.182	0.743125
5.183	0.743125
5.184	0.74375
5.185	0.74375
5.186	0.744375
5.187	0.744375
5.188	0.744375
5.189	0.744375
5.19	0.744375
5.191	0.744375
5.192	0.744375
5.193	0.74375
5.194	0.74375
5.195	0.74375
5.196	0.74375
5.197	0.744375
5.198	0.744375
5.199	0.744375
5.2	0.744375
5.201	0.744375
5.202	0.744375
5.203	0.744375
5.204	0.744375
5.205	0.745
5.206	0.745
5.207	0.745
5.208	0.745
5.209	0.745625
5.21	0.745625
5.211	0.745
5.212	0.745
5.213	0.745
5.214	0.745
5.215	0.745
5.216	0.744375
5.217	0.744375
5.218	0.74375
5.219	0.743125
5.22	0.743125
5.221	0.7425
5.222	0.741875
5.223	0.74125
5.224	0.74125
5.225	0.74125
5.226	0.74125
5.227	0.740625
5.228	0.740625
5.229	0.74125
5.23	0.74125
5.231	0.74125
5.232	0.74125
5.233	0.74125
5.234	0.74125
5.235	0.74125
5.236	0.74125
5.237	0.74125
5.238	0.741875
5.239	0.741875
5.24	0.741875
5.241	0.7425
5.242	0.7425
5.243	0.7425
5.244	0.743125
5.245	0.743125
5.246	0.743125
5.247	0.74375
5.248	0.74375
5.249	0.74375
5.25	0.744375
5.251	0.744375
5.252	0.745
5.253	0.745
5.254	0.745
5.255	0.745625
5.256	0.745625
5.257	0.745625
5.258	0.745625
5.259	0.745625
5.26	0.745625
5.261	0.745625
5.262	0.745625
5.263	0.745625
5.264	0.745
5.265	0.745
5.266	0.745
5.267	0.745
5.268	0.745
5.269	0.745
5.27	0.745
5.271	0.745
5.272	0.745
5.273	0.745
5.274	0.745
5.275	0.745
5.276	0.745
5.277	0.745
5.278	0.745
5.279	0.745
5.28	0.745
5.281	0.745
5.282	0.745
5.283	0.745
5.284	0.745
5.285	0.744375
5.286	0.744375
5.287	0.74375
5.288	0.743125
5.289	0.743125
5.29	0.741875
5.291	0.741875
5.292	0.740625
5.293	0.74
5.294	0.739375
5.295	0.73875
5.296	0.7375
5.297	0.736875
5.298	0.73625
5.299	0.735625
5.3	0.734375
5.301	0.73375
5.302	0.733125
5.303	0.7325
5.304	0.731875
5.305	0.73125
5.306	0.730625
5.307	0.730625
5.308	0.730625
5.309	0.73
5.31	0.73
5.311	0.73
5.312	0.73
5.313	0.73
5.314	0.730625
5.315	0.730625
5.316	0.730625
5.317	0.73125
5.318	0.73125
5.319	0.731875
5.32	0.7325
5.321	0.733125
5.322	0.73375
5.323	0.734375
5.324	0.734375
5.325	0.735
5.326	0.73625
5.327	0.73625
5.328	0.73625
5.329	0.736875
